#Layer_Color=32768
#
#Feature symbol names
#
$0 r1.9685
$1 r3.937

#
#Feature attribute names
#

#
#Layer features
#
A 0.0557087 1.1456693 0.0557087 1.1456693 0.0492126 1.1456693 0 P 0 N
A 0.088189 1.1456693 0.088189 1.1456693 0.0816929 1.1456693 0 P 0 N
A 0.1196883 0.110233 0.1196883 0.110233 0.1131922 0.110233 0 P 0 N
A 0.1206693 1.1456693 0.1206693 1.1456693 0.1141732 1.1456693 0 P 0 N
A 0.1354331 1.1673228 0.1354331 1.1673228 0.128937 1.1673228 0 P 0 N
A 0.197441 1.0974409 0.197441 1.0974409 0.1909449 1.0974409 0 P 0 N
A 0.2102406 1.425 0.2102406 1.425 0.1 1.425 1 P 0 N
A 0.2220441 0.1122015 0.2220441 0.1122015 0.215548 0.1122015 0 P 0 N
A 0.2358268 1.0167323 0.2358268 1.0167323 0.2293307 1.0167323 0 P 0 N
A 0.2466561 0.93701 0.2466561 0.93701 0.24016 0.93701 0 P 0 N
A 0.2663361 1.10236 0.2663361 1.10236 0.25984 1.10236 0 P 0 N
A 0.2850707 0.4547573 0.2850707 0.4547573 0.2785746 0.4547573 0 P 0 N
A 0.2870047 0.235233 0.2870047 0.235233 0.2805086 0.235233 0 P 0 N
A 0.2938977 0.636811 0.2938977 0.636811 0.2874016 0.636811 0 P 0 N
A 0.2968504 0.5531496 0.2968504 0.5531496 0.2903543 0.5531496 0 P 0 N
A 0.3027559 0.6062992 0.3027559 0.6062992 0.2962598 0.6062992 0 P 0 N
A 0.3057061 0.1368087 0.3057061 0.1368087 0.29921 0.1368087 0 P 0 N
A 0.3057061 0.1840587 0.3057061 0.1840587 0.29921 0.1840587 0 P 0 N
A 0.3057087 0.0974409 0.3057087 0.0974409 0.2992126 0.0974409 0 P 0 N
A 0.3076772 0.023622 0.3076772 0.023622 0.3011811 0.023622 0 P 0 N
A 0.3076772 0.0600393 0.3076772 0.0600393 0.3011811 0.0600393 0 P 0 N
A 0.3081496 0.505 0.3081496 0.505 0.2983071 0.505 0 P 0 N
A 0.326378 0.6761811 0.326378 0.6761811 0.3198819 0.6761811 0 P 0 N
A 0.334252 1.3051181 0.334252 1.3051181 0.3277559 1.3051181 0 P 0 N
A 0.3706693 0.6299213 0.3706693 0.6299213 0.3641732 0.6299213 0 P 0 N
A 0.3770595 0.4680505 0.3770595 0.4680505 0.3705634 0.4680505 0 P 0 N
A 0.3992158 0.2972409 0.3992158 0.2972409 0.3927197 0.2972409 0 P 0 N
A 0.4041361 1.43701 0.4041361 1.43701 0.39764 1.43701 0 P 0 N
A 0.4055118 0.5698819 0.4055118 0.5698819 0.3956693 0.5698819 0 P 0 N
A 0.4366142 0.4970472 0.4366142 0.4970472 0.4301181 0.4970472 0 P 0 N
A 0.4385827 0.4596457 0.4385827 0.4596457 0.4320866 0.4596457 0 P 0 N
A 0.4468525 1.70866 0.4468525 1.70866 0.43701 1.70866 0 P 0 N
A 0.447546 0.2008578 0.447546 0.2008578 0.4410499 0.2008578 0 P 0 N
A 0.4494095 0.6358268 0.4494095 0.6358268 0.4429134 0.6358268 0 P 0 N
A 0.5252761 1.1174836 0.5252761 1.1174836 0.51878 1.1174836 0 P 0 N
A 0.5340552 0.0521654 0.5340552 0.0521654 0.5275591 0.0521654 0 P 0 N
A 0.5360237 1.5708661 0.5360237 1.5708661 0.5295276 1.5708661 0 P 0 N
A 0.5360237 1.605315 0.5360237 1.605315 0.5295276 1.605315 0 P 0 N
A 0.5379922 1.6742126 0.5379922 1.6742126 0.5314961 1.6742126 0 P 0 N
A 0.5395816 1.3991966 0.5395816 1.3991966 0.5330855 1.3991966 0 P 0 N
A 0.564567 0.1653543 0.564567 0.1653543 0.5580709 0.1653543 0 P 0 N
A 0.5704725 1.398622 0.5704725 1.398622 0.5639764 1.398622 0 P 0 N
A 0.5980315 1.6742126 0.5980315 1.6742126 0.5915354 1.6742126 0 P 0 N
A 0.6 1.398622 0.6 1.398622 0.5935039 1.398622 0 P 0 N
A 0.6059055 0.0344488 0.6059055 0.0344488 0.5994094 0.0344488 0 P 0 N
A 0.6122047 0.2076772 0.6122047 0.2076772 0.6023622 0.2076772 0 P 0 N
A 0.6305118 1.4360236 0.6305118 1.4360236 0.6240157 1.4360236 0 P 0 N
A 0.6348425 0.8149606 0.6348425 0.8149606 0.625 0.8149606 0 P 0 N
A 0.6521654 0.2992126 0.6521654 0.2992126 0.6456693 0.2992126 0 P 0 N
A 0.6610237 0.0797244 0.6610237 0.0797244 0.6545276 0.0797244 0 P 0 N
A 0.6610237 1.4360236 0.6610237 1.4360236 0.6545276 1.4360236 0 P 0 N
A 0.6807087 1.5255906 0.6807087 1.5255906 0.6742126 1.5255906 0 P 0 N
A 0.6826772 0.8405512 0.6826772 0.8405512 0.6761811 0.8405512 0 P 0 N
A 0.6905512 0.0797244 0.6905512 0.0797244 0.6840551 0.0797244 0 P 0 N
A 0.697441 1.6742126 0.697441 1.6742126 0.6909449 1.6742126 0 P 0 N
A 0.6988189 0.4734252 0.6988189 0.4734252 0.6889764 0.4734252 0 P 0 N
A 0.7053149 1.4488189 0.7053149 1.4488189 0.6988188 1.4488189 0 P 0 N
A 0.7096456 0.2470472 0.7096456 0.2470472 0.6998031 0.2470472 0 P 0 N
A 0.7181103 0.2992126 0.7181103 0.2992126 0.7116142 0.2992126 0 P 0 N
A 0.7190945 0.8405512 0.7190945 0.8405512 0.7125984 0.8405512 0 P 0 N
A 0.7240158 0.617126 0.7240158 0.617126 0.7175197 0.617126 0 P 0 N
A 0.7515748 1.1259843 0.7515748 1.1259843 0.7450787 1.1259843 0 P 0 N
A 0.7712599 1.5285433 0.7712599 1.5285433 0.7647638 1.5285433 0 P 0 N
A 0.7732284 0.8444882 0.7732284 0.8444882 0.7667323 0.8444882 0 P 0 N
A 0.7814925 0.33465 0.7814925 0.33465 0.77165 0.33465 0 P 0 N
A 0.781496 0.7234252 0.781496 0.7234252 0.7716535 0.7234252 0 P 0 N
A 0.7854331 1.3208661 0.7854331 1.3208661 0.7755906 1.3208661 0 P 0 N
A 0.7948819 1.6732283 0.7948819 1.6732283 0.7883858 1.6732283 0 P 0 N
A 0.8007874 0.0826772 0.8007874 0.0826772 0.7942913 0.0826772 0 P 0 N
A 0.8293307 1.1023622 0.8293307 1.1023622 0.8228346 1.1023622 0 P 0 N
A 0.8411418 1.6742126 0.8411418 1.6742126 0.8346457 1.6742126 0 P 0 N
A 0.8503638 0.6961688 0.8503638 0.6961688 0.8438677 0.6961688 0 P 0 N
A 0.8529528 0.4507874 0.8529528 0.4507874 0.8464567 0.4507874 0 P 0 N
A 0.8578741 1.273622 0.8578741 1.273622 0.851378 1.273622 0 P 0 N
A 0.8594857 1.1921295 0.8594857 1.1921295 0.8529896 1.1921295 0 P 0 N
A 0.8602362 0.8179134 0.8602362 0.8179134 0.8503937 0.8179134 0 P 0 N
A 0.8608268 1.3435039 0.8608268 1.3435039 0.8543307 1.3435039 0 P 0 N
A 0.8687008 0.3976378 0.8687008 0.3976378 0.8622047 0.3976378 0 P 0 N
A 0.8726378 1.6742126 0.8726378 1.6742126 0.8661417 1.6742126 0 P 0 N
A 0.8848425 1.0856299 0.8848425 1.0856299 0.875 1.0856299 0 P 0 N
A 0.8893701 0.9183071 0.8893701 0.9183071 0.882874 0.9183071 0 P 0 N
A 0.8917325 0.35433 0.8917325 0.35433 0.88189 0.35433 0 P 0 N
A 0.8933071 1.3435039 0.8933071 1.3435039 0.886811 1.3435039 0 P 0 N
A 0.8946883 1.247044 0.8946883 1.247044 0.8907513 1.247044 1 P 0 N
A 0.9041339 0.5226378 0.9041339 0.5226378 0.8976378 0.5226378 0 P 0 N
A 0.9080709 1.6742126 0.9080709 1.6742126 0.9015748 1.6742126 0 P 0 N
A 0.9120061 0.98425 0.9120061 0.98425 0.90551 0.98425 0 P 0 N
A 0.928737 0.7381858 0.928737 0.7381858 0.9222409 0.7381858 0 P 0 N
A 0.9307087 0.6653543 0.9307087 0.6653543 0.9242126 0.6653543 0 P 0 N
A 0.93563 1.4301181 0.93563 1.4301181 0.9291339 1.4301181 0 P 0 N
A 0.9435061 0.40157 0.9435061 0.40157 0.93701 0.40157 0 P 0 N
A 0.9474393 0.7598368 0.9474393 0.7598368 0.9409432 0.7598368 0 P 0 N
A 0.9572835 1.5206693 0.9572835 1.5206693 0.9507874 1.5206693 0 P 0 N
A 0.9641733 1.1712598 0.9641733 1.1712598 0.9576772 1.1712598 0 P 0 N
A 0.9911417 1.6958661 0.9911417 1.6958661 0.9812992 1.6958661 0 P 0 N
A 1.1226378 0.6525591 1.1226378 0.6525591 1.1161417 0.6525591 0 P 0 N
A 1.1482261 0.40157 1.1482261 0.40157 1.14173 0.40157 0 P 0 N
A 1.1639761 1.5039351 1.1639761 1.5039351 1.15748 1.5039351 0 P 0 N
A 1.1912207 0.3713973 1.1912207 0.3713973 1.1847246 0.3713973 0 P 0 N
A 1.1926815 0.3392587 1.1926815 0.3392587 1.1861854 0.3392587 0 P 0 N
A 1.2151575 1.2007874 1.2151575 1.2007874 1.2086614 1.2007874 0 P 0 N
A 1.2368111 1.2765748 1.2368111 1.2765748 1.230315 1.2765748 0 P 0 N
A 1.2397638 1 1.2397638 1 1.2332677 1 0 P 0 N
A 1.257874 1.1072835 1.257874 1.1072835 1.2480315 1.1072835 0 P 0 N
A 1.291926 0.1112173 1.291926 0.1112173 1.2854299 0.1112173 0 P 0 N
A 1.3086615 1.1141732 1.3086615 1.1141732 1.3021654 1.1141732 0 P 0 N
A 1.3125985 1.2687008 1.3125985 1.2687008 1.3061024 1.2687008 0 P 0 N
A 1.3125985 1.2982283 1.3125985 1.2982283 1.3061024 1.2982283 0 P 0 N
A 1.353937 1.2047244 1.353937 1.2047244 1.3474409 1.2047244 0 P 0 N
A 1.3598394 1.1151607 1.3598394 1.1151607 1.3533433 1.1151607 0 P 0 N
A 1.4102406 1.425 1.4102406 1.425 1.3 1.425 1 P 0 N
L 0.0059103 0.8956714 0.0059103 0.9783486 0 P 0
L 0.0059103 0.8956714 0.1909497 0.8956714 0 P 0
L 0.0059103 0.9783486 0.1909497 0.9783486 0 P 0
L 0.0318898 1.1102362 0.0318898 1.1811024 0 P 0
L 0.0318898 1.1102362 0.0665354 1.1102362 0 P 0
L 0.0318898 1.1811024 0.0665354 1.1811024 0 P 0
L 0.0405512 1.1456693 0.057874 1.1456693 0 P 0
L 0.0492126 1.1370079 0.0492126 1.1543307 0 P 0
L 0.0507874 1.425 0.1 1.425 1 P 0
L 0.0643701 1.1102362 0.0643701 1.1811024 0 P 0
L 0.0643701 1.1102362 0.0990157 1.1102362 0 P 0
L 0.0643701 1.1811024 0.0990157 1.1811024 0 P 0
L 0.0665354 1.1102362 0.0665354 1.1811024 0 P 0
L 0.0730315 1.1456693 0.0903543 1.1456693 0 P 0
L 0.0777591 0.0929102 0.0777591 0.1275558 0 P 0
L 0.0777591 0.0929102 0.1486253 0.0929102 0 P 0
L 0.0777591 0.1275558 0.1486253 0.1275558 0 P 0
L 0.0816929 1.1370079 0.0816929 1.1543307 0 P 0
L 0.0968504 1.1102362 0.0968504 1.1811024 0 P 0
L 0.0968504 1.1102362 0.131496 1.1102362 0 P 0
L 0.0968504 1.1811024 0.131496 1.1811024 0 P 0
L 0.0990157 1.1102362 0.0990157 1.1811024 0 P 0
L 0.1 1.3757874 0.1 1.425 1 P 0
L 0.1 1.425 0.1 1.4742126 1 P 0
L 0.1 1.425 0.1492126 1.425 1 P 0
L 0.1045308 0.110233 0.1218536 0.110233 0 P 0
L 0.1055118 1.1456693 0.1228346 1.1456693 0 P 0
L 0.1116142 1.1318897 0.1116142 1.2027559 0 P 0
L 0.1116142 1.1318897 0.1462598 1.1318897 0 P 0
L 0.1116142 1.2027559 0.1462598 1.2027559 0 P 0
L 0.1131922 0.1015716 0.1131922 0.1188944 0 P 0
L 0.1141732 1.1370079 0.1141732 1.1543307 0 P 0
L 0.1202756 1.1673228 0.1375984 1.1673228 0 P 0
L 0.128937 1.1586614 0.128937 1.1759842 0 P 0
L 0.131496 1.1102362 0.131496 1.1811024 0 P 0
L 0.1462598 1.1318897 0.1462598 1.2027559 0 P 0
L 0.1481824 1.1292355 0.1481824 1.1528575 0 P 0
L 0.1481824 1.1292355 0.201332 1.1292355 0 P 0
L 0.1481824 1.1528575 0.201332 1.1528576 0 P 0
L 0.1486253 0.0929102 0.1486253 0.1275558 0 P 0
L 0.1515748 1.0836614 0.1515748 1.136811 0 P 0
L 0.1515748 1.0836614 0.1751969 1.0836614 0 P 0
L 0.1515748 1.136811 0.1751968 1.136811 0 P 0
L 0.1594488 1.1102362 0.1633858 1.1102362 0 P 0
L 0.1633858 1.1062992 0.1633858 1.1102362 0 P 0
L 0.1633858 1.1102362 0.1633858 1.1141732 0 P 0
L 0.1633858 1.1102362 0.1673228 1.1102362 0 P 0
L 0.1653589 0.8592552 0.165359 0.9124048 0 P 0
L 0.1653589 0.8592552 0.188981 0.8592552 0 P 0
L 0.165359 0.9124048 0.188981 0.9124048 0 P 0
L 0.1708202 1.1410465 0.1747572 1.1410465 0 P 0
L 0.173233 0.88583 0.17717 0.88583 0 P 0
L 0.1736221 1.0620078 0.1736221 1.132874 0 P 0
L 0.1736221 1.0620078 0.2082677 1.0620078 0 P 0
L 0.1736221 1.132874 0.2082677 1.132874 0 P 0
L 0.1747572 1.1371095 0.1747572 1.1410465 0 P 0
L 0.1747572 1.1410465 0.1747572 1.1449835 0 P 0
L 0.1747572 1.1410465 0.1786942 1.1410465 0 P 0
L 0.1751968 1.136811 0.1751969 1.0836614 0 P 0
L 0.17717 0.881893 0.17717 0.88583 0 P 0
L 0.17717 0.88583 0.17717 0.889767 0 P 0
L 0.17717 0.88583 0.181107 0.88583 0 P 0
L 0.1822835 1.0974409 0.1996063 1.0974409 0 P 0
L 0.188981 0.8592552 0.188981 0.9124048 0 P 0
L 0.1909449 1.0887795 0.1909449 1.1061023 0 P 0
L 0.1909497 0.8956714 0.1909497 0.9783486 0 P 0
L 0.1938976 0.9994095 0.1938976 1.0340551 0 P 0
L 0.1938976 0.9994095 0.2647638 0.9994095 0 P 0
L 0.1938976 1.0340551 0.2647638 1.0340551 0 P 0
L 0.1982252 0.0767684 0.1982252 0.1476346 0 P 0
L 0.1982252 0.0767684 0.2328708 0.0767684 0 P 0
L 0.1982252 0.1476346 0.2328708 0.1476346 0 P 0
L 0.201332 1.1292355 0.201332 1.1528576 0 P 0
L 0.2047269 0.9196872 0.2047269 0.9543328 0 P 0
L 0.2047269 0.9196872 0.2755931 0.9196872 0 P 0
L 0.2047269 0.9543328 0.2755931 0.9543328 0 P 0
L 0.2068866 0.1122015 0.2242094 0.1122015 0 P 0
L 0.2082677 1.0620078 0.2082677 1.132874 0 P 0
L 0.2096452 1.055119 0.2096452 1.078741 0 P 0
L 0.2096452 1.055119 0.2627948 1.055119 0 P 0
L 0.2096452 1.078741 0.2627948 1.0787411 0 P 0
L 0.215548 0.1035401 0.215548 0.1208629 0 P 0
L 0.2206693 1.0167323 0.2379921 1.0167323 0 P 0
L 0.2244069 1.0850372 0.2244069 1.1196828 0 P 0
L 0.2244069 1.0850372 0.2952731 1.0850372 0 P 0
L 0.2244069 1.1196828 0.2952731 1.1196828 0 P 0
L 0.2293307 1.0080709 0.2293307 1.0253937 0 P 0
L 0.2314986 0.93701 0.2488214 0.93701 0 P 0
L 0.232283 1.06693 0.23622 1.06693 0 P 0
L 0.2328708 0.0767684 0.2328708 0.1476346 0 P 0
L 0.2349213 0.4679921 0.2349213 0.5420079 0 P 0
L 0.2349213 0.4679921 0.3616929 0.4679921 0 P 0
L 0.2349213 0.5420079 0.3616929 0.5420079 0 P 0
L 0.23622 1.062993 0.23622 1.06693 0 P 0
L 0.23622 1.06693 0.23622 1.070867 0 P 0
L 0.23622 1.06693 0.240157 1.06693 0 P 0
L 0.24016 0.9283486 0.24016 0.9456714 0 P 0
L 0.2417666 0.6106202 0.2417667 0.5574706 0 P 0
L 0.2417666 0.6106202 0.2653887 0.6106202 0 P 0
L 0.2417667 0.5574706 0.2653887 0.5574706 0 P 0
L 0.2431415 0.4374345 0.2431415 0.4720801 0 P 0
L 0.2431415 0.4374345 0.3140077 0.4374345 0 P 0
L 0.2431415 0.4720801 0.3140077 0.4720801 0 P 0
L 0.2496407 0.5840454 0.2535777 0.5840454 0 P 0
L 0.2511786 1.10236 0.2685014 1.10236 0 P 0
L 0.2519685 0.6194882 0.2519685 0.6541338 0 P 0
L 0.2519685 0.6194882 0.3228347 0.6194882 0 P 0
L 0.2519685 0.6541338 0.3228347 0.6541338 0 P 0
L 0.2535777 0.5801084 0.2535777 0.5840454 0 P 0
L 0.2535777 0.5840454 0.2535777 0.5879824 0 P 0
L 0.2535777 0.5840454 0.2575147 0.5840454 0 P 0
L 0.2549212 0.5358268 0.2549212 0.5704724 0 P 0
L 0.2549212 0.5358268 0.3257874 0.5358268 0 P 0
L 0.2549212 0.5704724 0.3257874 0.5704724 0 P 0
L 0.25984 1.0936986 0.25984 1.1110214 0 P 0
L 0.2608267 0.5889764 0.2608267 0.623622 0 P 0
L 0.2608267 0.5889764 0.3316929 0.5889764 0 P 0
L 0.2608267 0.623622 0.3316929 0.623622 0 P 0
L 0.2627948 1.055119 0.2627948 1.0787411 0 P 0
L 0.2631858 0.1997999 0.2631858 0.2706661 0 P 0
L 0.2631858 0.1997999 0.2978314 0.1997999 0 P 0
L 0.2631858 0.2706661 0.2978314 0.2706661 0 P 0
L 0.2637769 0.1194859 0.2637769 0.1541315 0 P 0
L 0.2637769 0.1194859 0.3346431 0.1194859 0 P 0
L 0.2637769 0.1541315 0.3346431 0.1541315 0 P 0
L 0.2637769 0.1667359 0.2637769 0.2013815 0 P 0
L 0.2637769 0.1667359 0.3346431 0.1667359 0 P 0
L 0.2637769 0.2013815 0.3346431 0.2013815 0 P 0
L 0.2637795 0.0801181 0.2637795 0.1147637 0 P 0
L 0.2637795 0.0801181 0.3346457 0.0801181 0 P 0
L 0.2637795 0.1147637 0.3346457 0.1147637 0 P 0
L 0.2647638 0.9994095 0.2647638 1.0340551 0 P 0
L 0.2653887 0.5574706 0.2653887 0.6106202 0 P 0
L 0.265748 0.0062992 0.265748 0.0409448 0 P 0
L 0.265748 0.0062992 0.3366142 0.0062992 0 P 0
L 0.265748 0.0409448 0.3366142 0.0409448 0 P 0
L 0.265748 0.0427165 0.265748 0.0773621 0 P 0
L 0.265748 0.0427165 0.3366142 0.0427165 0 P 0
L 0.265748 0.0773621 0.3366142 0.0773621 0 P 0
L 0.265748 0.5688977 0.265748 0.5925197 0 P 0
L 0.265748 0.5688977 0.3188976 0.5688977 0 P 0
L 0.265748 0.5925197 0.3188976 0.5925198 0 P 0
L 0.2699132 0.4547573 0.287236 0.4547573 0 P 0
L 0.2718472 0.235233 0.28917 0.235233 0 P 0
L 0.2755931 0.9196872 0.2755931 0.9543328 0 P 0
L 0.2785746 0.4460959 0.2785746 0.4634187 0 P 0
L 0.2787402 0.636811 0.296063 0.636811 0 P 0
L 0.2805086 0.2265716 0.2805086 0.2438944 0 P 0
L 0.2816929 0.5531496 0.2990157 0.5531496 0 P 0
L 0.2844488 0.6588583 0.2844488 0.6935039 0 P 0
L 0.2844488 0.6588583 0.355315 0.6588583 0 P 0
L 0.2844488 0.6935039 0.355315 0.6935039 0 P 0
L 0.2845276 0.505 0.3120866 0.505 0 P 0
L 0.2874016 0.6281496 0.2874016 0.6454724 0 P 0
L 0.2875984 0.6062992 0.3049212 0.6062992 0 P 0
L 0.2883858 0.5807087 0.2923228 0.5807087 0 P 0
L 0.2903543 0.5444882 0.2903543 0.561811 0 P 0
L 0.2905486 0.1368087 0.3078714 0.1368087 0 P 0
L 0.2905486 0.1840587 0.3078714 0.1840587 0 P 0
L 0.2905512 0.0974409 0.307874 0.0974409 0 P 0
L 0.2923228 0.5767717 0.2923228 0.5807087 0 P 0
L 0.2923228 0.5807087 0.2923228 0.5846457 0 P 0
L 0.2923228 0.5807087 0.2962598 0.5807087 0 P 0
L 0.2923228 1.2877953 0.2923228 1.3224409 0 P 0
L 0.2923228 1.2877953 0.363189 1.2877953 0 P 0
L 0.2923228 1.3224409 0.363189 1.3224409 0 P 0
L 0.2925197 0.023622 0.3098425 0.023622 0 P 0
L 0.2925197 0.0600393 0.3098425 0.0600393 0 P 0
L 0.2952731 1.0850372 0.2952731 1.1196828 0 P 0
L 0.2962598 0.5976378 0.2962598 0.6149606 0 P 0
L 0.2978314 0.1997999 0.2978314 0.2706661 0 P 0
L 0.2983071 0.4912205 0.2983071 0.5187795 0 P 0
L 0.29921 0.1281473 0.29921 0.1454701 0 P 0
L 0.29921 0.1753973 0.29921 0.1927201 0 P 0
L 0.2992126 0.0887795 0.2992126 0.1061023 0 P 0
L 0.3011811 0.0149606 0.3011811 0.0322834 0 P 0
L 0.3011811 0.0513779 0.3011811 0.0687007 0 P 0
L 0.3070473 0.8592264 0.3070474 0.912376 0 P 0
L 0.3070473 0.8592264 0.3306694 0.8592264 0 P 0
L 0.3070474 0.912376 0.3306694 0.912376 0 P 0
L 0.3112205 0.6761811 0.3285433 0.6761811 0 P 0
L 0.3140077 0.4374345 0.3140077 0.4720801 0 P 0
L 0.3149214 0.8858012 0.3188584 0.8858012 0 P 0
L 0.3188584 0.8818642 0.3188584 0.8858012 0 P 0
L 0.3188584 0.8858012 0.3188584 0.8897382 0 P 0
L 0.3188584 0.8858012 0.3227954 0.8858012 0 P 0
L 0.3188976 0.5688977 0.3188976 0.5925198 0 P 0
L 0.3190945 1.3051181 0.3364173 1.3051181 0 P 0
L 0.3198819 0.6675197 0.3198819 0.6848425 0 P 0
L 0.3228347 0.6194882 0.3228347 0.6541338 0 P 0
L 0.3257874 0.5358268 0.3257874 0.5704724 0 P 0
L 0.3277559 1.2964567 0.3277559 1.3137795 0 P 0
L 0.3287401 0.6125985 0.3287401 0.6472441 0 P 0
L 0.3287401 0.6125985 0.3996063 0.6125985 0 P 0
L 0.3287401 0.6472441 0.3996063 0.6472441 0 P 0
L 0.3306694 0.8592264 0.3306694 0.912376 0 P 0
L 0.3316929 0.5889764 0.3316929 0.623622 0 P 0
L 0.3322835 0.532874 0.3322835 0.6068898 0 P 0
L 0.3322835 0.532874 0.4590551 0.532874 0 P 0
L 0.3322835 0.6068898 0.4590551 0.6068898 0 P 0
L 0.3346431 0.1194859 0.3346431 0.1541315 0 P 0
L 0.3346431 0.1667359 0.3346431 0.2013815 0 P 0
L 0.3346457 0.0801181 0.3346457 0.1147637 0 P 0
L 0.3366142 0.0062992 0.3366142 0.0409448 0 P 0
L 0.3366142 0.0427165 0.3366142 0.0773621 0 P 0
L 0.3532406 0.4326174 0.3532406 0.5034836 0 P 0
L 0.3532406 0.4326174 0.3878862 0.4326174 0 P 0
L 0.3532406 0.5034836 0.3878862 0.5034836 0 P 0
L 0.355315 0.6588583 0.355315 0.6935039 0 P 0
L 0.3555118 0.6299213 0.3728346 0.6299213 0 P 0
L 0.3572866 0.2799181 0.3572866 0.3145637 0 P 0
L 0.3572866 0.2799181 0.4281528 0.2799181 0 P 0
L 0.3572866 0.3145637 0.4281528 0.3145637 0 P 0
L 0.3616929 0.4679921 0.3616929 0.5420079 0 P 0
L 0.361902 0.4680505 0.3792248 0.4680505 0 P 0
L 0.363189 1.2877953 0.363189 1.3224409 0 P 0
L 0.3641732 0.6212599 0.3641732 0.6385827 0 P 0
L 0.3705634 0.4593891 0.3705634 0.4767119 0 P 0
L 0.3736242 1.6716521 0.3736242 1.7456679 0 P 0
L 0.3736242 1.6716521 0.5003958 1.6716521 0 P 0
L 0.3736242 1.7456679 0.5003958 1.7456679 0 P 0
L 0.3803172 1.4015769 0.3803172 1.4724431 0 P 0
L 0.3803172 1.4015769 0.4149628 1.4015769 0 P 0
L 0.3803172 1.4724431 0.4149628 1.4724431 0 P 0
L 0.3818898 0.5698819 0.4094488 0.5698819 0 P 0
L 0.3840583 0.2972409 0.4013811 0.2972409 0 P 0
L 0.3878862 0.4326174 0.3878862 0.5034836 0 P 0
L 0.3889786 1.43701 0.4063014 1.43701 0 P 0
L 0.3927197 0.2885795 0.3927197 0.3059023 0 P 0
L 0.394685 0.4797244 0.394685 0.51437 0 P 0
L 0.394685 0.4797244 0.4655512 0.4797244 0 P 0
L 0.394685 0.51437 0.4655512 0.51437 0 P 0
L 0.3956693 0.5561024 0.3956693 0.5836614 0 P 0
L 0.3966535 0.4423229 0.3966535 0.4769685 0 P 0
L 0.3966535 0.4423229 0.4675197 0.4423229 0 P 0
L 0.3966535 0.4769685 0.4675197 0.4769685 0 P 0
L 0.39764 1.4283486 0.39764 1.4456714 0 P 0
L 0.3996063 0.6125985 0.3996063 0.6472441 0 P 0
L 0.401579 1.3474452 0.401579 1.4005948 0 P 0
L 0.401579 1.3474452 0.4252011 1.3474452 0 P 0
L 0.401579 1.4005948 0.425201 1.4005948 0 P 0
L 0.4056168 0.183535 0.4056168 0.2181806 0 P 0
L 0.4056168 0.183535 0.476483 0.183535 0 P 0
L 0.4056168 0.2181806 0.476483 0.2181806 0 P 0
L 0.409453 1.37402 0.41339 1.37402 0 P 0
L 0.4133858 0.5108267 0.4133858 0.5344488 0 P 0
L 0.4133858 0.5108267 0.4665354 0.5108268 0 P 0
L 0.4133858 0.5344488 0.4665354 0.5344488 0 P 0
L 0.41339 1.370083 0.41339 1.37402 0 P 0
L 0.41339 1.37402 0.41339 1.377957 0 P 0
L 0.41339 1.37402 0.417327 1.37402 0 P 0
L 0.4149628 1.4015769 0.4149628 1.4724431 0 P 0
L 0.4214567 0.4970472 0.4387795 0.4970472 0 P 0
L 0.4232305 1.70866 0.4507895 1.70866 0 P 0
L 0.4234252 0.4596457 0.440748 0.4596457 0 P 0
L 0.425201 1.4005948 0.4252011 1.3474452 0 P 0
L 0.4255906 0.6003937 0.4255906 0.6712599 0 P 0
L 0.4255906 0.6003937 0.4602362 0.6003937 0 P 0
L 0.4255906 0.6712599 0.4602362 0.6712599 0 P 0
L 0.4281528 0.2799181 0.4281528 0.3145637 0 P 0
L 0.4301181 0.4883858 0.4301181 0.5057086 0 P 0
L 0.4320866 0.4509843 0.4320866 0.4683071 0 P 0
L 0.4323885 0.2008578 0.4497113 0.2008578 0 P 0
L 0.434252 0.6358268 0.4515748 0.6358268 0 P 0
L 0.4360236 0.5226378 0.4399606 0.5226378 0 P 0
L 0.43701 1.6948805 0.43701 1.7224395 0 P 0
L 0.4399606 0.5187008 0.4399606 0.5226378 0 P 0
L 0.4399606 0.5226378 0.4399606 0.5265748 0 P 0
L 0.4399606 0.5226378 0.4438976 0.5226378 0 P 0
L 0.4410499 0.1921964 0.4410499 0.2095192 0 P 0
L 0.4429134 0.6271654 0.4429134 0.6444882 0 P 0
L 0.4590551 0.532874 0.4590551 0.6068898 0 P 0
L 0.4602362 0.6003937 0.4602362 0.6712599 0 P 0
L 0.4655512 0.4797244 0.4655512 0.51437 0 P 0
L 0.4665354 0.5108268 0.4665354 0.5344488 0 P 0
L 0.4675197 0.4423229 0.4675197 0.4769685 0 P 0
L 0.476483 0.183535 0.476483 0.2181806 0 P 0
L 0.4833469 1.1001608 0.4833469 1.1348064 0 P 0
L 0.4833469 1.1001608 0.5542131 1.1001608 0 P 0
L 0.4833469 1.1348064 0.5542131 1.1348064 0 P 0
L 0.4940945 1.5535433 0.4940945 1.5881889 0 P 0
L 0.4940945 1.5535433 0.5649607 1.5535433 0 P 0
L 0.4940945 1.5879922 0.4940945 1.6226378 0 P 0
L 0.4940945 1.5879922 0.5649607 1.5879922 0 P 0
L 0.4940945 1.5881889 0.5649607 1.5881889 0 P 0
L 0.4940945 1.6226378 0.5649607 1.6226378 0 P 0
L 0.5003958 1.6716521 0.5003958 1.7456679 0 P 0
L 0.5101186 1.1174836 0.5274414 1.1174836 0 P 0
L 0.5102363 0.0167323 0.5102363 0.0875985 0 P 0
L 0.5102363 0.0167323 0.5448819 0.0167323 0 P 0
L 0.5102363 0.0875985 0.5448819 0.0875985 0 P 0
L 0.5141733 1.6387795 0.5141733 1.7096457 0 P 0
L 0.5141733 1.6387795 0.5488189 1.6387795 0 P 0
L 0.5141733 1.7096457 0.5488189 1.7096457 0 P 0
L 0.5157627 1.3637635 0.5157627 1.4346297 0 P 0
L 0.5157627 1.3637635 0.5504083 1.3637635 0 P 0
L 0.5157627 1.4346297 0.5504083 1.4346297 0 P 0
L 0.51878 1.1088222 0.51878 1.126145 0 P 0
L 0.5188977 0.0521654 0.5362205 0.0521654 0 P 0
L 0.5208662 1.5708661 0.538189 1.5708661 0 P 0
L 0.5208662 1.605315 0.538189 1.605315 0 P 0
L 0.5226378 0.1480315 0.5226378 0.1826771 0 P 0
L 0.5226378 0.1480315 0.593504 0.1480315 0 P 0
L 0.5226378 0.1826771 0.593504 0.1826771 0 P 0
L 0.5228347 1.6742126 0.5401575 1.6742126 0 P 0
L 0.5244241 1.3991966 0.5417469 1.3991966 0 P 0
L 0.5275591 0.043504 0.5275591 0.0608268 0 P 0
L 0.5295276 1.5622047 0.5295276 1.5795275 0 P 0
L 0.5295276 1.5966536 0.5295276 1.6139764 0 P 0
L 0.5314961 1.6655512 0.5314961 1.682874 0 P 0
L 0.5330855 1.3905352 0.5330855 1.407858 0 P 0
L 0.5448819 0.0167323 0.5448819 0.0875985 0 P 0
L 0.5466536 1.3631889 0.5466536 1.4340551 0 P 0
L 0.5466536 1.3631889 0.5812992 1.3631889 0 P 0
L 0.5466536 1.4340551 0.5812992 1.4340551 0 P 0
L 0.5488189 1.6387795 0.5488189 1.7096457 0 P 0
L 0.5494095 0.1653543 0.5667323 0.1653543 0 P 0
L 0.5504083 1.3637635 0.5504083 1.4346297 0 P 0
L 0.5521653 1.1387795 0.5521654 1.0856299 0 P 0
L 0.5521653 1.1387795 0.5757874 1.1387795 0 P 0
L 0.5521654 1.0856299 0.5757874 1.0856299 0 P 0
L 0.5542131 1.1001608 0.5542131 1.1348064 0 P 0
L 0.555315 1.398622 0.5726378 1.398622 0 P 0
L 0.5580709 0.1566929 0.5580709 0.1740157 0 P 0
L 0.5600394 1.1122047 0.5639764 1.1122047 0 P 0
L 0.5639763 0.017126 0.5639763 0.0517716 0 P 0
L 0.5639763 0.017126 0.6348425 0.017126 0 P 0
L 0.5639763 0.0517716 0.6348425 0.0517716 0 P 0
L 0.5639764 1.1082677 0.5639764 1.1122047 0 P 0
L 0.5639764 1.1122047 0.5639764 1.1161417 0 P 0
L 0.5639764 1.1122047 0.5679134 1.1122047 0 P 0
L 0.5639764 1.3899606 0.5639764 1.4072834 0 P 0
L 0.5649607 1.5535433 0.5649607 1.5881889 0 P 0
L 0.5649607 1.5879922 0.5649607 1.6226378 0 P 0
L 0.5653543 0.1442914 0.5653543 0.271063 0 P 0
L 0.5653543 0.1442914 0.6393701 0.1442914 0 P 0
L 0.5653543 0.271063 0.6393701 0.271063 0 P 0
L 0.5742126 1.6387795 0.5742126 1.7096457 0 P 0
L 0.5742126 1.6387795 0.6088582 1.6387795 0 P 0
L 0.5742126 1.7096457 0.6088582 1.7096457 0 P 0
L 0.5757874 1.0856299 0.5757874 1.1387795 0 P 0
L 0.5761811 1.3631889 0.5761811 1.4340551 0 P 0
L 0.5761811 1.3631889 0.6108267 1.3631889 0 P 0
L 0.5761811 1.4340551 0.6108267 1.4340551 0 P 0
L 0.5787401 1.1387795 0.5787402 1.0856299 0 P 0
L 0.5787401 1.1387795 0.6023622 1.1387795 0 P 0
L 0.5787402 1.0856299 0.6023622 1.0856299 0 P 0
L 0.5812992 1.3631889 0.5812992 1.4340551 0 P 0
L 0.5816928 1.0875984 0.5816929 1.0344488 0 P 0
L 0.5816928 1.0875984 0.6053149 1.0875984 0 P 0
L 0.5816929 1.0344488 0.6053149 1.0344488 0 P 0
L 0.582874 1.6742126 0.6001968 1.6742126 0 P 0
L 0.5848425 1.398622 0.6021653 1.398622 0 P 0
L 0.5866142 1.1122047 0.5905512 1.1122047 0 P 0
L 0.5879921 0.7515748 0.5879921 0.8783464 0 P 0
L 0.5879921 0.7515748 0.6620079 0.7515748 0 P 0
L 0.5879921 0.8783464 0.6620079 0.8783464 0 P 0
L 0.5885827 0.2076772 0.6161417 0.2076772 0 P 0
L 0.5895669 1.0610236 0.5935039 1.0610236 0 P 0
L 0.5905512 1.1082677 0.5905512 1.1122047 0 P 0
L 0.5905512 1.1122047 0.5905512 1.1161417 0 P 0
L 0.5905512 1.1122047 0.5944882 1.1122047 0 P 0
L 0.590748 0.0344488 0.6080708 0.0344488 0 P 0
L 0.5915354 1.6655512 0.5915354 1.682874 0 P 0
L 0.5935039 1.0570866 0.5935039 1.0610236 0 P 0
L 0.5935039 1.0610236 0.5935039 1.0649606 0 P 0
L 0.5935039 1.0610236 0.5974409 1.0610236 0 P 0
L 0.5935039 1.3899606 0.5935039 1.4072834 0 P 0
L 0.593504 0.1480315 0.593504 0.1826771 0 P 0
L 0.5994094 0.0257874 0.5994094 0.0431102 0 P 0
L 0.5997654 1.045262 0.5997655 0.9921124 0 P 0
L 0.5997654 1.045262 0.6233875 1.045262 0 P 0
L 0.5997655 0.9921124 0.6233875 0.9921124 0 P 0
L 0.6023622 0.1938977 0.6023622 0.2214567 0 P 0
L 0.6023622 1.0856299 0.6023622 1.1387795 0 P 0
L 0.6033464 1.1387795 0.6033465 1.0856299 0 P 0
L 0.6033464 1.1387795 0.6269685 1.1387795 0 P 0
L 0.6033465 1.0856299 0.6269685 1.0856299 0 P 0
L 0.6043307 1.0344488 0.6043307 1.0875984 0 P 0
L 0.6043307 1.0344488 0.6279528 1.0344488 0 P 0
L 0.6043307 1.0875984 0.6279527 1.0875984 0 P 0
L 0.6053149 1.0344488 0.6053149 1.0875984 0 P 0
L 0.6066929 1.4005905 0.6066929 1.4714567 0 P 0
L 0.6066929 1.4005905 0.6413385 1.4005905 0 P 0
L 0.6066929 1.4714567 0.6413385 1.4714567 0 P 0
L 0.6076395 1.0186872 0.6115765 1.0186872 0 P 0
L 0.6088582 1.6387795 0.6088582 1.7096457 0 P 0
L 0.6102362 0.2818898 0.6102362 0.3165354 0 P 0
L 0.6102362 0.2818898 0.6811024 0.2818898 0 P 0
L 0.6102362 0.3165354 0.6811024 0.3165354 0 P 0
L 0.6108267 1.3631889 0.6108267 1.4340551 0 P 0
L 0.6112205 0.8149606 0.6387795 0.8149606 0 P 0
L 0.6112205 1.1122047 0.6151575 1.1122047 0 P 0
L 0.6115765 1.0147502 0.6115765 1.0186872 0 P 0
L 0.6115765 1.0186872 0.6115765 1.0226242 0 P 0
L 0.6115765 1.0186872 0.6155135 1.0186872 0 P 0
L 0.6122047 1.0610236 0.6161417 1.0610236 0 P 0
L 0.6151575 1.1082677 0.6151575 1.1122047 0 P 0
L 0.6151575 1.1122047 0.6151575 1.1161417 0 P 0
L 0.6151575 1.1122047 0.6190945 1.1122047 0 P 0
L 0.6153543 1.4360236 0.6326771 1.4360236 0 P 0
L 0.6161417 1.0570866 0.6161417 1.0610236 0 P 0
L 0.6161417 1.0610236 0.6161417 1.0649606 0 P 0
L 0.6161417 1.0610236 0.6200787 1.0610236 0 P 0
L 0.6233875 0.9921124 0.6233875 1.045262 0 P 0
L 0.6240157 1.4273622 0.6240157 1.444685 0 P 0
L 0.625 0.8011811 0.625 0.8287401 0 P 0
L 0.6269685 1.0856299 0.6269685 1.1387795 0 P 0
L 0.6279527 1.0875984 0.6279528 1.0344488 0 P 0
L 0.6289369 1.1387795 0.628937 1.0856299 0 P 0
L 0.6289369 1.1387795 0.652559 1.1387795 0 P 0
L 0.628937 0.9832677 0.628937 1.0364173 0 P 0
L 0.628937 0.9832677 0.6525591 0.9832677 0 P 0
L 0.628937 1.0344488 0.628937 1.0875984 0 P 0
L 0.628937 1.0344488 0.6525591 1.0344488 0 P 0
L 0.628937 1.0364173 0.652559 1.0364173 0 P 0
L 0.628937 1.0856299 0.652559 1.0856299 0 P 0
L 0.628937 1.0875984 0.652559 1.0875984 0 P 0
L 0.6348425 0.017126 0.6348425 0.0517716 0 P 0
L 0.6364173 0.2100393 0.6364173 0.2840551 0 P 0
L 0.6364173 0.2100393 0.7631889 0.2100393 0 P 0
L 0.6364173 0.2840551 0.7631889 0.2840551 0 P 0
L 0.636811 1.0098425 0.640748 1.0098425 0 P 0
L 0.636811 1.0610236 0.640748 1.0610236 0 P 0
L 0.636811 1.1122047 0.640748 1.1122047 0 P 0
L 0.6370079 0.2992126 0.6543307 0.2992126 0 P 0
L 0.6372048 0.0442913 0.6372048 0.1151575 0 P 0
L 0.6372048 0.0442913 0.6718504 0.0442913 0 P 0
L 0.6372048 0.1151575 0.6718504 0.1151575 0 P 0
L 0.6372048 1.4005905 0.6372048 1.4714567 0 P 0
L 0.6372048 1.4005905 0.6718504 1.4005905 0 P 0
L 0.6372048 1.4714567 0.6718504 1.4714567 0 P 0
L 0.6387796 0.5354331 0.6387796 0.5885827 0 P 0
L 0.6387796 0.5354331 0.6624017 0.5354331 0 P 0
L 0.6387796 0.5885827 0.6624016 0.5885827 0 P 0
L 0.6393701 0.1442914 0.6393701 0.271063 0 P 0
L 0.6396607 0.580493 0.6396607 0.6336426 0 P 0
L 0.6396607 0.580493 0.6632828 0.580493 0 P 0
L 0.6396607 0.6336426 0.6632827 0.6336426 0 P 0
L 0.640748 1.0059055 0.640748 1.0098425 0 P 0
L 0.640748 1.0098425 0.640748 1.0137795 0 P 0
L 0.640748 1.0098425 0.644685 1.0098425 0 P 0
L 0.640748 1.0570866 0.640748 1.0610236 0 P 0
L 0.640748 1.0610236 0.640748 1.0649606 0 P 0
L 0.640748 1.0610236 0.644685 1.0610236 0 P 0
L 0.640748 1.1082677 0.640748 1.1122047 0 P 0
L 0.640748 1.1122047 0.640748 1.1161417 0 P 0
L 0.640748 1.1122047 0.644685 1.1122047 0 P 0
L 0.6413385 1.4005905 0.6413385 1.4714567 0 P 0
L 0.6456693 0.2905512 0.6456693 0.307874 0 P 0
L 0.6458662 0.0797244 0.663189 0.0797244 0 P 0
L 0.6458662 1.4360236 0.663189 1.4360236 0 P 0
L 0.6466536 0.5620079 0.6505906 0.5620079 0 P 0
L 0.6475347 0.6070678 0.6514717 0.6070678 0 P 0
L 0.6505906 0.5580709 0.6505906 0.5620079 0 P 0
L 0.6505906 0.5620079 0.6505906 0.5659449 0 P 0
L 0.6505906 0.5620079 0.6545276 0.5620079 0 P 0
L 0.6514717 0.6031308 0.6514717 0.6070678 0 P 0
L 0.6514717 0.6070678 0.6514717 0.6110048 0 P 0
L 0.6514717 0.6070678 0.6554087 0.6070678 0 P 0
L 0.6519685 0.4100394 0.6519685 0.536811 0 P 0
L 0.6519685 0.4100394 0.7259843 0.4100394 0 P 0
L 0.6519685 0.536811 0.7259843 0.536811 0 P 0
L 0.652559 1.0364173 0.6525591 0.9832677 0 P 0
L 0.652559 1.0856299 0.652559 1.1387795 0 P 0
L 0.652559 1.0875984 0.6525591 1.0344488 0 P 0
L 0.6545276 0.071063 0.6545276 0.0883858 0 P 0
L 0.6545276 1.0344488 0.6545276 1.0875984 0 P 0
L 0.6545276 1.0344488 0.6781497 1.0344488 0 P 0
L 0.6545276 1.0856299 0.6545276 1.1387795 0 P 0
L 0.6545276 1.0856299 0.6781497 1.0856299 0 P 0
L 0.6545276 1.0875984 0.6781496 1.0875984 0 P 0
L 0.6545276 1.1387795 0.6781496 1.1387795 0 P 0
L 0.6545276 1.4273622 0.6545276 1.444685 0 P 0
L 0.6555118 0.9852362 0.6555118 1.0383858 0 P 0
L 0.6555118 0.9852362 0.6791339 0.9852362 0 P 0
L 0.6555118 1.0383858 0.6791338 1.0383858 0 P 0
L 0.6568898 1.4901575 0.6568898 1.5610237 0 P 0
L 0.6568898 1.4901575 0.6915354 1.4901575 0 P 0
L 0.6568898 1.5610237 0.6915354 1.5610237 0 P 0
L 0.6588583 0.8051181 0.6588583 0.8759843 0 P 0
L 0.6588583 0.8051181 0.6935039 0.8051181 0 P 0
L 0.6588583 0.8759843 0.6935039 0.8759843 0 P 0
L 0.6620079 0.7515748 0.6620079 0.8783464 0 P 0
L 0.6624016 0.5885827 0.6624017 0.5354331 0 P 0
L 0.6624016 1.0610236 0.6663386 1.0610236 0 P 0
L 0.6624016 1.1122047 0.6663386 1.1122047 0 P 0
L 0.6632827 0.6336426 0.6632828 0.580493 0 P 0
L 0.6633857 1.4314961 0.6633857 1.4661417 0 P 0
L 0.6633857 1.4314961 0.7342519 1.4314961 0 P 0
L 0.6633857 1.4661417 0.7342519 1.4661417 0 P 0
L 0.6633858 1.011811 0.6673228 1.011811 0 P 0
L 0.6655512 1.5255906 0.682874 1.5255906 0 P 0
L 0.6663386 1.0570866 0.6663386 1.0610236 0 P 0
L 0.6663386 1.0610236 0.6663386 1.0649606 0 P 0
L 0.6663386 1.0610236 0.6702756 1.0610236 0 P 0
L 0.6663386 1.1082677 0.6663386 1.1122047 0 P 0
L 0.6663386 1.1122047 0.6663386 1.1161417 0 P 0
L 0.6663386 1.1122047 0.6702756 1.1122047 0 P 0
L 0.6667323 0.0442913 0.6667323 0.1151575 0 P 0
L 0.6667323 0.0442913 0.7013779 0.0442913 0 P 0
L 0.6667323 0.1151575 0.7013779 0.1151575 0 P 0
L 0.6673228 1.007874 0.6673228 1.011811 0 P 0
L 0.6673228 1.011811 0.6673228 1.015748 0 P 0
L 0.6673228 1.011811 0.6712598 1.011811 0 P 0
L 0.6675197 0.8405512 0.6848425 0.8405512 0 P 0
L 0.6718504 0.0442913 0.6718504 0.1151575 0 P 0
L 0.6718504 1.4005905 0.6718504 1.4714567 0 P 0
L 0.6732283 1.4370079 0.6732283 1.4606299 0 P 0
L 0.6732283 1.4370079 0.7263779 1.4370079 0 P 0
L 0.6732283 1.4606299 0.7263779 1.46063 0 P 0
L 0.6736221 1.6387795 0.6736221 1.7096457 0 P 0
L 0.6736221 1.6387795 0.7082677 1.6387795 0 P 0
L 0.6736221 1.7096457 0.7082677 1.7096457 0 P 0
L 0.6742126 1.5169292 0.6742126 1.534252 0 P 0
L 0.6751969 0.4734252 0.7027559 0.4734252 0 P 0
L 0.6753937 0.0797244 0.6927165 0.0797244 0 P 0
L 0.6761811 0.2818898 0.6761811 0.3165354 0 P 0
L 0.6761811 0.2818898 0.7470473 0.2818898 0 P 0
L 0.6761811 0.3165354 0.7470473 0.3165354 0 P 0
L 0.6761811 0.8318898 0.6761811 0.8492126 0 P 0
L 0.6781496 1.0875984 0.6781497 1.0344488 0 P 0
L 0.6781496 1.1387795 0.6781497 1.0856299 0 P 0
L 0.6791338 1.0383858 0.6791339 0.9852362 0 P 0
L 0.6801181 1.0344488 0.6801181 1.0875984 0 P 0
L 0.6801181 1.0344488 0.7037402 1.0344488 0 P 0
L 0.6801181 1.0856299 0.6801181 1.1387795 0 P 0
L 0.6801181 1.0856299 0.7037402 1.0856299 0 P 0
L 0.6801181 1.0875984 0.7037401 1.0875984 0 P 0
L 0.6801181 1.1387795 0.7037401 1.1387795 0 P 0
L 0.6811024 0.2818898 0.6811024 0.3165354 0 P 0
L 0.6822835 1.6742126 0.6996063 1.6742126 0 P 0
L 0.6840551 0.071063 0.6840551 0.0883858 0 P 0
L 0.6860236 0.2470472 0.7135826 0.2470472 0 P 0
L 0.6879921 1.0610236 0.6919291 1.0610236 0 P 0
L 0.6879921 1.1122047 0.6919291 1.1122047 0 P 0
L 0.6889764 0.4596457 0.6889764 0.4872047 0 P 0
L 0.6889764 0.9852362 0.6889764 1.0088582 0 P 0
L 0.6889764 0.9852362 0.742126 0.9852362 0 P 0
L 0.6889764 1.0088582 0.742126 1.0088583 0 P 0
L 0.6891422 1.0104735 0.6891422 1.0340955 0 P 0
L 0.6891422 1.0104735 0.7422918 1.0104735 0 P 0
L 0.6891422 1.0340955 0.7422918 1.0340956 0 P 0
L 0.6901574 1.4488189 0.7074802 1.4488189 0 P 0
L 0.6909449 1.6655512 0.6909449 1.682874 0 P 0
L 0.6915354 1.4901575 0.6915354 1.5610237 0 P 0
L 0.6919291 1.0570866 0.6919291 1.0610236 0 P 0
L 0.6919291 1.0610236 0.6919291 1.0649606 0 P 0
L 0.6919291 1.0610236 0.6958661 1.0610236 0 P 0
L 0.6919291 1.1082677 0.6919291 1.1122047 0 P 0
L 0.6919291 1.1122047 0.6919291 1.1161417 0 P 0
L 0.6919291 1.1122047 0.6958661 1.1122047 0 P 0
L 0.6935039 0.8051181 0.6935039 0.8759843 0 P 0
L 0.6952756 0.8051181 0.6952756 0.8759843 0 P 0
L 0.6952756 0.8051181 0.7299212 0.8051181 0 P 0
L 0.6952756 0.8759843 0.7299212 0.8759843 0 P 0
L 0.6958661 1.4488189 0.6998031 1.4488189 0 P 0
L 0.6988188 1.4401575 0.6988188 1.4574803 0 P 0
L 0.6998031 0.2332677 0.6998031 0.2608267 0 P 0
L 0.6998031 1.4448819 0.6998031 1.4488189 0 P 0
L 0.6998031 1.4488189 0.6998031 1.4527559 0 P 0
L 0.6998031 1.4488189 0.7037401 1.4488189 0 P 0
L 0.7001969 0.5816929 0.7001969 0.6525591 0 P 0
L 0.7001969 0.5816929 0.7348425 0.5816929 0 P 0
L 0.7001969 0.6525591 0.7348425 0.6525591 0 P 0
L 0.7013779 0.0442913 0.7013779 0.1151575 0 P 0
L 0.7024196 1.1772493 0.7024197 1.1240997 0 P 0
L 0.7024196 1.1772493 0.7260417 1.1772493 0 P 0
L 0.7024197 1.1240997 0.7260417 1.1240997 0 P 0
L 0.7029528 0.2992126 0.7202756 0.2992126 0 P 0
L 0.7037401 1.0875984 0.7037402 1.0344488 0 P 0
L 0.7037401 1.1387795 0.7037402 1.0856299 0 P 0
L 0.7037402 0.9625983 0.7037402 0.9862204 0 P 0
L 0.7037402 0.9625983 0.7568898 0.9625984 0 P 0
L 0.7037402 0.9862204 0.7568898 0.9862204 0 P 0
L 0.703937 0.8405512 0.7212598 0.8405512 0 P 0
L 0.7066928 1.1387795 0.7066929 1.0856299 0 P 0
L 0.7066928 1.1387795 0.7303149 1.1387795 0 P 0
L 0.7066929 1.0856299 0.7303149 1.0856299 0 P 0
L 0.7082677 1.6387795 0.7082677 1.7096457 0 P 0
L 0.7088583 0.617126 0.7261811 0.617126 0 P 0
L 0.7096457 0.5285433 0.7096457 0.5816929 0 P 0
L 0.7096457 0.5285433 0.7332678 0.5285433 0 P 0
L 0.7096457 0.5816929 0.7332677 0.5816929 0 P 0
L 0.7102937 1.1506745 0.7142307 1.1506745 0 P 0
L 0.7116142 0.2905512 0.7116142 0.307874 0 P 0
L 0.7116142 0.9970472 0.7155512 0.9970472 0 P 0
L 0.71178 1.0222845 0.715717 1.0222845 0 P 0
L 0.7122048 1.2838582 0.7122048 1.357874 0 P 0
L 0.7122048 1.2838582 0.8389764 1.2838582 0 P 0
L 0.7122048 1.357874 0.8389764 1.357874 0 P 0
L 0.7125984 0.8318898 0.7125984 0.8492126 0 P 0
L 0.7142307 1.1467375 0.7142307 1.1506745 0 P 0
L 0.7142307 1.1506745 0.7142307 1.1546115 0 P 0
L 0.7142307 1.1506745 0.7181677 1.1506745 0 P 0
L 0.7145669 1.1122047 0.7185039 1.1122047 0 P 0
L 0.7155512 0.9931102 0.7155512 0.9970472 0 P 0
L 0.7155512 0.9970472 0.7155512 1.0009842 0 P 0
L 0.7155512 0.9970472 0.7194882 0.9970472 0 P 0
L 0.715717 1.0183475 0.715717 1.0222845 0 P 0
L 0.715717 1.0222845 0.715717 1.0262215 0 P 0
L 0.715717 1.0222845 0.719654 1.0222845 0 P 0
L 0.7175197 0.5551181 0.7214567 0.5551181 0 P 0
L 0.7175197 0.6084646 0.7175197 0.6257874 0 P 0
L 0.7185039 1.1082677 0.7185039 1.1122047 0 P 0
L 0.7185039 1.1122047 0.7185039 1.1161417 0 P 0
L 0.7185039 1.1122047 0.7224409 1.1122047 0 P 0
L 0.7214567 0.5511811 0.7214567 0.5551181 0 P 0
L 0.7214567 0.5551181 0.7214567 0.5590551 0 P 0
L 0.7214567 0.5551181 0.7253937 0.5551181 0 P 0
L 0.7259843 0.4100394 0.7259843 0.536811 0 P 0
L 0.7260417 1.1240997 0.7260417 1.1772493 0 P 0
L 0.7263779 1.4370079 0.7263779 1.46063 0 P 0
L 0.726378 0.9744094 0.730315 0.9744094 0 P 0
L 0.7277559 1.0905512 0.7277559 1.1614174 0 P 0
L 0.7277559 1.0905512 0.7624015 1.0905512 0 P 0
L 0.7277559 1.1614174 0.7624015 1.1614174 0 P 0
L 0.7299212 0.8051181 0.7299212 0.8759843 0 P 0
L 0.7303149 1.0856299 0.7303149 1.1387795 0 P 0
L 0.730315 0.9704724 0.730315 0.9744094 0 P 0
L 0.730315 0.9744094 0.730315 0.9783464 0 P 0
L 0.730315 0.9744094 0.734252 0.9744094 0 P 0
L 0.7312781 0.8888972 0.7312781 0.9420468 0 P 0
L 0.7312781 0.8888972 0.7549002 0.8888972 0 P 0
L 0.7312781 0.9420468 0.7549001 0.9420468 0 P 0
L 0.7332677 0.5816929 0.7332678 0.5285433 0 P 0
L 0.7342519 1.4314961 0.7342519 1.4661417 0 P 0
L 0.7346421 0.2712642 0.7346421 0.3980358 0 P 0
L 0.7346421 0.2712642 0.8086579 0.2712642 0 P 0
L 0.7346421 0.3980358 0.8086579 0.3980358 0 P 0
L 0.7346456 0.6600394 0.7346456 0.786811 0 P 0
L 0.7346456 0.6600394 0.8086614 0.6600394 0 P 0
L 0.7346456 0.786811 0.8086614 0.786811 0 P 0
L 0.7348425 0.5816929 0.7348425 0.6525591 0 P 0
L 0.7364173 1.1259843 0.7537401 1.1259843 0 P 0
L 0.7391521 0.915472 0.7430891 0.915472 0 P 0
L 0.740159 0.5521652 0.740159 0.6053148 0 P 0
L 0.740159 0.5521652 0.7637811 0.5521652 0 P 0
L 0.740159 0.6053148 0.763781 0.6053148 0 P 0
L 0.740159 0.6151552 0.740159 0.6683048 0 P 0
L 0.740159 0.6151552 0.7637811 0.6151552 0 P 0
L 0.740159 0.6683048 0.763781 0.6683048 0 P 0
L 0.742126 0.9852362 0.742126 1.0088583 0 P 0
L 0.7422918 1.0104735 0.7422918 1.0340956 0 P 0
L 0.7430891 0.911535 0.7430891 0.915472 0 P 0
L 0.7430891 0.915472 0.7430891 0.919409 0 P 0
L 0.7430891 0.915472 0.7470261 0.915472 0 P 0
L 0.7450787 1.1173229 0.7450787 1.1346457 0 P 0
L 0.7470473 0.2818898 0.7470473 0.3165354 0 P 0
L 0.747441 1.4931102 0.747441 1.5639764 0 P 0
L 0.747441 1.4931102 0.7820866 1.4931102 0 P 0
L 0.747441 1.5639764 0.7820866 1.5639764 0 P 0
L 0.748033 0.57874 0.75197 0.57874 0 P 0
L 0.748033 0.64173 0.75197 0.64173 0 P 0
L 0.7494095 0.8090551 0.7494095 0.8799213 0 P 0
L 0.7494095 0.8090551 0.7840551 0.8090551 0 P 0
L 0.7494095 0.8799213 0.7840551 0.8799213 0 P 0
L 0.75197 0.574803 0.75197 0.57874 0 P 0
L 0.75197 0.57874 0.75197 0.582677 0 P 0
L 0.75197 0.57874 0.755907 0.57874 0 P 0
L 0.75197 0.637793 0.75197 0.64173 0 P 0
L 0.75197 0.64173 0.75197 0.645667 0 P 0
L 0.75197 0.64173 0.755907 0.64173 0 P 0
L 0.7537834 0.8889508 0.7537834 0.9421004 0 P 0
L 0.7537834 0.8889508 0.7774055 0.8889508 0 P 0
L 0.7537834 0.9421004 0.7774054 0.9421004 0 P 0
L 0.7549001 0.9420468 0.7549002 0.8888972 0 P 0
L 0.7561024 1.5285433 0.7734252 1.5285433 0 P 0
L 0.7568898 0.9320866 0.7568898 0.9852362 0 P 0
L 0.7568898 0.9320866 0.7805119 0.9320866 0 P 0
L 0.7568898 0.9625984 0.7568898 0.9862204 0 P 0
L 0.7568898 0.9852362 0.7805118 0.9852362 0 P 0
L 0.7578705 0.33465 0.7854295 0.33465 0 P 0
L 0.757874 0.7234252 0.785433 0.7234252 0 P 0
L 0.7580709 0.8444882 0.7753937 0.8444882 0 P 0
L 0.7611095 1.1562271 0.7611096 1.1030775 0 P 0
L 0.7611095 1.1562271 0.7847316 1.1562271 0 P 0
L 0.7611096 1.1030775 0.7847316 1.1030775 0 P 0
L 0.7616574 0.9155256 0.7655944 0.9155256 0 P 0
L 0.7618111 1.3208661 0.7893701 1.3208661 0 P 0
L 0.7624015 1.0905512 0.7624015 1.1614174 0 P 0
L 0.7631889 0.2100393 0.7631889 0.2840551 0 P 0
L 0.763781 0.6053148 0.7637811 0.5521652 0 P 0
L 0.763781 0.6683048 0.7637811 0.6151552 0 P 0
L 0.7647638 0.9586614 0.7687008 0.9586614 0 P 0
L 0.7647638 1.5198819 0.7647638 1.5372047 0 P 0
L 0.7655944 0.9115886 0.7655944 0.9155256 0 P 0
L 0.7655944 0.9155256 0.7655944 0.9194626 0 P 0
L 0.7655944 0.9155256 0.7695314 0.9155256 0 P 0
L 0.7667323 0.8358268 0.7667323 0.8531496 0 P 0
L 0.7687008 0.9547244 0.7687008 0.9586614 0 P 0
L 0.7687008 0.9586614 0.7687008 0.9625984 0 P 0
L 0.7687008 0.9586614 0.7726378 0.9586614 0 P 0
L 0.7689836 1.1296523 0.7729206 1.1296523 0 P 0
L 0.771063 1.6377952 0.771063 1.7086614 0 P 0
L 0.771063 1.6377952 0.8057086 1.6377952 0 P 0
L 0.771063 1.7086614 0.8057086 1.7086614 0 P 0
L 0.77165 0.3208705 0.77165 0.3484295 0 P 0
L 0.7716535 0.7096457 0.7716535 0.7372047 0 P 0
L 0.7729206 1.1257153 0.7729206 1.1296523 0 P 0
L 0.7729206 1.1296523 0.7729206 1.1335893 0 P 0
L 0.7729206 1.1296523 0.7768576 1.1296523 0 P 0
L 0.7755906 1.3070866 0.7755906 1.3346456 0 P 0
L 0.7769685 0.0472441 0.7769685 0.1181103 0 P 0
L 0.7769685 0.0472441 0.8116141 0.0472441 0 P 0
L 0.7769685 0.1181103 0.8116141 0.1181103 0 P 0
L 0.7774054 0.9421004 0.7774055 0.8889508 0 P 0
L 0.7785433 0.8897638 0.7785433 0.9429134 0 P 0
L 0.7785433 0.8897638 0.8021654 0.8897638 0 P 0
L 0.7785433 0.9429134 0.8021653 0.9429134 0 P 0
L 0.7797244 1.6732283 0.7970472 1.6732283 0 P 0
L 0.7805118 0.9852362 0.7805119 0.9320866 0 P 0
L 0.7805118 1.2155512 0.7805118 1.2391732 0 P 0
L 0.7805118 1.2155512 0.8336614 1.2155512 0 P 0
L 0.7805118 1.2391732 0.8336614 1.2391733 0 P 0
L 0.7810284 1.1245299 0.7810284 1.1776795 0 P 0
L 0.7810284 1.1245299 0.8046505 1.1245299 0 P 0
L 0.7810284 1.1776795 0.8046504 1.1776795 0 P 0
L 0.7820866 1.4931102 0.7820866 1.5639764 0 P 0
L 0.7840551 0.8090551 0.7840551 0.8799213 0 P 0
L 0.7847316 1.1030775 0.7847316 1.1562271 0 P 0
L 0.7853284 1.0785849 0.7853284 1.1317345 0 P 0
L 0.7853284 1.0785849 0.8089505 1.0785849 0 P 0
L 0.7853284 1.1317345 0.8089504 1.1317345 0 P 0
L 0.7854331 1.0049213 0.7854331 1.0580709 0 P 0
L 0.7854331 1.0049213 0.8090552 1.0049213 0 P 0
L 0.7854331 1.0580709 0.8090551 1.0580709 0 P 0
L 0.7856299 0.0826772 0.8029527 0.0826772 0 P 0
L 0.7864173 0.9163386 0.7903543 0.9163386 0 P 0
L 0.7883858 1.6645669 0.7883858 1.6818897 0 P 0
L 0.7889024 1.1511047 0.7928394 1.1511047 0 P 0
L 0.7903543 0.9124016 0.7903543 0.9163386 0 P 0
L 0.7903543 0.9163386 0.7903543 0.9202756 0 P 0
L 0.7903543 0.9163386 0.7942913 0.9163386 0 P 0
L 0.7928394 1.1471677 0.7928394 1.1511047 0 P 0
L 0.7928394 1.1511047 0.7928394 1.1550417 0 P 0
L 0.7928394 1.1511047 0.7967764 1.1511047 0 P 0
L 0.7932024 1.1051597 0.7971394 1.1051597 0 P 0
L 0.7933071 1.0314961 0.7972441 1.0314961 0 P 0
L 0.7942913 0.0740158 0.7942913 0.0913386 0 P 0
L 0.7952755 0.8720472 0.7952756 0.8188976 0 P 0
L 0.7952755 0.8720472 0.8188976 0.8720472 0 P 0
L 0.7952756 0.8188976 0.8188976 0.8188976 0 P 0
L 0.7971394 1.1012227 0.7971394 1.1051597 0 P 0
L 0.7971394 1.1051597 0.7971394 1.1090967 0 P 0
L 0.7971394 1.1051597 0.8010764 1.1051597 0 P 0
L 0.7972441 1.0275591 0.7972441 1.0314961 0 P 0
L 0.7972441 1.0314961 0.7972441 1.0354331 0 P 0
L 0.7972441 1.0314961 0.8011811 1.0314961 0 P 0
L 0.8021653 0.9429134 0.8021654 0.8897638 0 P 0
L 0.8031489 0.3887748 0.803149 0.3356252 0 P 0
L 0.8031489 0.3887748 0.826771 0.3887748 0 P 0
L 0.8031489 0.7273648 0.803149 0.6742152 0 P 0
L 0.8031489 0.7273648 0.826771 0.7273648 0 P 0
L 0.803149 0.3356252 0.826771 0.3356252 0 P 0
L 0.803149 0.6742152 0.826771 0.6742152 0 P 0
L 0.8031496 0.8454724 0.8070866 0.8454724 0 P 0
L 0.8031496 1.2273622 0.8070866 1.2273622 0 P 0
L 0.8046504 1.1776795 0.8046505 1.1245299 0 P 0
L 0.8055118 1.0669291 0.8055118 1.1377953 0 P 0
L 0.8055118 1.0669291 0.8401574 1.0669291 0 P 0
L 0.8055118 1.1377953 0.8401574 1.1377953 0 P 0
L 0.8057086 1.6377952 0.8057086 1.7086614 0 P 0
L 0.8070866 0.8415354 0.8070866 0.8454724 0 P 0
L 0.8070866 0.8454724 0.8070866 0.8494094 0 P 0
L 0.8070866 0.8454724 0.8110236 0.8454724 0 P 0
L 0.8070866 1.2234252 0.8070866 1.2273622 0 P 0
L 0.8070866 1.2273622 0.8070866 1.2312992 0 P 0
L 0.8070866 1.2273622 0.8110236 1.2273622 0 P 0
L 0.8086579 0.2712642 0.8086579 0.3980358 0 P 0
L 0.8086614 0.6600394 0.8086614 0.786811 0 P 0
L 0.8089504 1.1317345 0.8089505 1.0785849 0 P 0
L 0.8090551 1.0580709 0.8090552 1.0049213 0 P 0
L 0.811023 0.3622 0.81496 0.3622 0 P 0
L 0.811023 0.70079 0.81496 0.70079 0 P 0
L 0.8116141 0.0472441 0.8116141 0.1181103 0 P 0
L 0.8120079 1.2391732 0.8120079 1.2923228 0 P 0
L 0.8120079 1.2391732 0.83563 1.2391732 0 P 0
L 0.8120079 1.2923228 0.8356299 1.2923228 0 P 0
L 0.8133858 0.7545276 0.8133858 0.8812992 0 P 0
L 0.8133858 0.7545276 0.8874016 0.7545276 0 P 0
L 0.8133858 0.8812992 0.8874016 0.8812992 0 P 0
L 0.8141732 1.1023622 0.831496 1.1023622 0 P 0
L 0.81496 0.358263 0.81496 0.3622 0 P 0
L 0.81496 0.3622 0.81496 0.366137 0 P 0
L 0.81496 0.3622 0.818897 0.3622 0 P 0
L 0.81496 0.696853 0.81496 0.70079 0 P 0
L 0.81496 0.70079 0.81496 0.704727 0 P 0
L 0.81496 0.70079 0.818897 0.70079 0 P 0
L 0.8173229 1.6387795 0.8173229 1.7096457 0 P 0
L 0.8173229 1.6387795 0.8519685 1.6387795 0 P 0
L 0.8173229 1.7096457 0.8519685 1.7096457 0 P 0
L 0.8175565 1.1748067 0.8175565 1.2094523 0 P 0
L 0.8175565 1.1748067 0.8884227 1.1748067 0 P 0
L 0.8175565 1.2094523 0.8884227 1.2094523 0 P 0
L 0.8188976 0.8188976 0.8188976 0.8720472 0 P 0
L 0.8198819 1.265748 0.8238189 1.265748 0 P 0
L 0.8228346 1.0937008 0.8228346 1.1110236 0 P 0
L 0.8238189 1.261811 0.8238189 1.265748 0 P 0
L 0.8238189 1.265748 0.8238189 1.269685 0 P 0
L 0.8238189 1.265748 0.8277559 1.265748 0 P 0
L 0.8257874 1.1535433 0.8257874 1.1771653 0 P 0
L 0.8257874 1.1535433 0.878937 1.1535433 0 P 0
L 0.8257874 1.1771653 0.878937 1.1771654 0 P 0
L 0.8259843 1.6742126 0.8433071 1.6742126 0 P 0
L 0.8265449 0.6607357 0.8265449 0.7316019 0 P 0
L 0.8265449 0.6607357 0.8611905 0.6607357 0 P 0
L 0.8265449 0.7316019 0.8611905 0.7316019 0 P 0
L 0.826771 0.3356252 0.826771 0.3887748 0 P 0
L 0.826771 0.6742152 0.826771 0.7273648 0 P 0
L 0.8267716 0.380315 0.8267716 0.4149606 0 P 0
L 0.8267716 0.380315 0.8976378 0.380315 0 P 0
L 0.8267716 0.4149606 0.8976378 0.4149606 0 P 0
L 0.8271656 0.3271646 0.8271656 0.3814954 0 P 0
L 0.8271656 0.3271646 0.9366144 0.3271646 0 P 0
L 0.8271656 0.3814954 0.9366144 0.3814954 0 P 0
L 0.8291339 0.4153543 0.8291339 0.4862205 0 P 0
L 0.8291339 0.4153543 0.8637795 0.4153543 0 P 0
L 0.8291339 0.4862205 0.8637795 0.4862205 0 P 0
L 0.8336614 1.2155512 0.8336614 1.2391733 0 P 0
L 0.8340552 1.2381889 0.8340552 1.3090551 0 P 0
L 0.8340552 1.2381889 0.8687008 1.2381889 0 P 0
L 0.8340552 1.3090551 0.8687008 1.3090551 0 P 0
L 0.8346457 1.6655512 0.8346457 1.682874 0 P 0
L 0.8352063 0.6961688 0.8525291 0.6961688 0 P 0
L 0.8356299 1.2923228 0.83563 1.2391732 0 P 0
L 0.8366142 0.8179134 0.8641732 0.8179134 0 P 0
L 0.8370079 1.3080708 0.8370079 1.378937 0 P 0
L 0.8370079 1.3080708 0.8716535 1.3080708 0 P 0
L 0.8370079 1.378937 0.8716535 1.378937 0 P 0
L 0.8377953 0.4507874 0.8551181 0.4507874 0 P 0
L 0.8379921 1.0222441 0.8379921 1.1490157 0 P 0
L 0.8379921 1.0222441 0.9120079 1.0222441 0 P 0
L 0.8379921 1.1490157 0.9120079 1.1490157 0 P 0
L 0.8385827 -0.0019685 0.8385827 0.3299212 0 P 0
L 0.8385827 -0.0019685 1.2401575 -0.0019685 0 P 0
L 0.8385827 0.3299212 1.2401575 0.3299212 0 P 0
L 0.8389764 1.2838582 0.8389764 1.357874 0 P 0
L 0.8401574 1.0669291 0.8401574 1.1377953 0 P 0
L 0.8427166 1.273622 0.8600394 1.273622 0 P 0
L 0.8438677 0.6875074 0.8438677 0.7048302 0 P 0
L 0.8443282 1.1921295 0.861651 1.1921295 0 P 0
L 0.8456693 1.3435039 0.8629921 1.3435039 0 P 0
L 0.8464567 0.442126 0.8464567 0.4594488 0 P 0
L 0.8484252 1.1653543 0.8523622 1.1653543 0 P 0
L 0.8488189 1.6387795 0.8488189 1.7096457 0 P 0
L 0.8488189 1.6387795 0.8834645 1.6387795 0 P 0
L 0.8488189 1.7096457 0.8834645 1.7096457 0 P 0
L 0.8503937 0.8041339 0.8503937 0.8316929 0 P 0
L 0.851378 1.2649606 0.851378 1.2822834 0 P 0
L 0.8519685 1.6387795 0.8519685 1.7096457 0 P 0
L 0.8523622 1.1614173 0.8523622 1.1653543 0 P 0
L 0.8523622 1.1653543 0.8523622 1.1692913 0 P 0
L 0.8523622 1.1653543 0.8562992 1.1653543 0 P 0
L 0.8529896 1.1834681 0.8529896 1.2007909 0 P 0
L 0.8535433 0.3976378 0.8708661 0.3976378 0 P 0
L 0.8543307 1.3348425 0.8543307 1.3521653 0 P 0
L 0.8574567 0.988189 0.8574567 1.011811 0 P 0
L 0.8574567 0.988189 0.9106063 0.988189 0 P 0
L 0.8574567 1.011811 0.9106063 1.0118111 0 P 0
L 0.8574803 1.6742126 0.8748031 1.6742126 0 P 0
L 0.8611905 0.6607357 0.8611905 0.7316019 0 P 0
L 0.8612205 1.0856299 0.8887795 1.0856299 0 P 0
L 0.8622047 0.3889764 0.8622047 0.4062992 0 P 0
L 0.8622047 0.505315 0.8622047 0.5399606 0 P 0
L 0.8622047 0.505315 0.9330709 0.505315 0 P 0
L 0.8622047 0.5399606 0.9330709 0.5399606 0 P 0
L 0.8637795 0.4153543 0.8637795 0.4862205 0 P 0
L 0.8655512 0.882874 0.8655512 0.9537402 0 P 0
L 0.8655512 0.882874 0.9001968 0.882874 0 P 0
L 0.8655512 0.9537402 0.9001968 0.9537402 0 P 0
L 0.8661417 1.6655512 0.8661417 1.682874 0 P 0
L 0.867126 1.1761779 0.867126 1.2706661 1 P 0
L 0.867126 1.1761779 0.9458662 1.1761779 1 P 0
L 0.867126 1.2706661 0.9458662 1.2706661 1 P 0
L 0.8683073 0.35433 0.8954727 0.35433 0 P 0
L 0.8687008 1.2381889 0.8687008 1.3090551 0 P 0
L 0.8694882 1.3080708 0.8694882 1.378937 0 P 0
L 0.8694882 1.3080708 0.9041338 1.3080708 0 P 0
L 0.8694882 1.378937 0.9041338 1.378937 0 P 0
L 0.8700769 0.9669272 0.8700769 1.0015728 0 P 0
L 0.8700769 0.9669272 0.9409431 0.9669272 0 P 0
L 0.8700769 1.0015728 0.9409431 1.0015728 0 P 0
L 0.8716535 1.3080708 0.8716535 1.378937 0 P 0
L 0.8742126 0.9183071 0.8915354 0.9183071 0 P 0
L 0.875 1.0718504 0.875 1.0994094 0 P 0
L 0.8781496 1.3435039 0.8954724 1.3435039 0 P 0
L 0.878937 1.1535433 0.878937 1.1771654 0 P 0
L 0.8799213 1.2687008 0.8799213 1.2923228 0 P 0
L 0.8799213 1.2687008 0.9330709 1.2687007 0 P 0
L 0.8799213 1.2923228 0.9330709 1.2923228 0 P 0
L 0.8800945 1 0.8840315 1 0 P 0
L 0.88189 0.3407473 0.88189 0.3679127 0 P 0
L 0.882874 0.9096457 0.882874 0.9269685 0 P 0
L 0.8834645 1.6387795 0.8834645 1.7096457 0 P 0
L 0.8840315 0.996063 0.8840315 1 0 P 0
L 0.8840315 1 0.8840315 1.003937 0 P 0
L 0.8840315 1 0.8879685 1 0 P 0
L 0.884252 1.6387795 0.884252 1.7096457 0 P 0
L 0.884252 1.6387795 0.9188976 1.6387795 0 P 0
L 0.884252 1.7096457 0.9188976 1.7096457 0 P 0
L 0.886811 1.3348425 0.886811 1.3521653 0 P 0
L 0.8868111 1.2234252 0.9064993 1.2234252 1 P 0
L 0.8874016 0.7545276 0.8874016 0.8812992 0 P 0
L 0.8884227 1.1748067 0.8884227 1.2094523 0 P 0
L 0.8887795 0.6480315 0.8887795 0.6826771 0 P 0
L 0.8887795 0.6480315 0.9596457 0.6480315 0 P 0
L 0.8887795 0.6826771 0.9596457 0.6826771 0 P 0
L 0.8889764 0.5226378 0.9062992 0.5226378 0 P 0
L 0.8929134 1.6742126 0.9102362 1.6742126 0 P 0
L 0.8968486 0.98425 0.9141714 0.98425 0 P 0
L 0.8976378 0.380315 0.8976378 0.4149606 0 P 0
L 0.8976378 0.5139764 0.8976378 0.5312992 0 P 0
L 0.9001968 0.882874 0.9001968 0.9537402 0 P 0
L 0.9015748 1.6655512 0.9015748 1.682874 0 P 0
L 0.9015769 0.3842472 0.9015769 0.4188928 0 P 0
L 0.9015769 0.3842472 0.9724431 0.3842472 0 P 0
L 0.9015769 0.4188928 0.9724431 0.4188928 0 P 0
L 0.9025591 1.2805118 0.9064961 1.2805118 0 P 0
L 0.9041338 1.3080708 0.9041338 1.378937 0 P 0
L 0.9049181 0.7027527 0.9049181 0.7736189 0 P 0
L 0.9049181 0.7027527 0.9395637 0.7027527 0 P 0
L 0.9049181 0.7736189 0.9395637 0.7736189 0 P 0
L 0.90551 0.9755886 0.90551 0.9929114 0 P 0
L 0.9064961 1.2037338 0.9064961 1.223422 1 P 0
L 0.9064961 1.223422 0.9064961 1.2234252 1 P 0
L 0.9064961 1.223422 0.9261843 1.223422 1 P 0
L 0.9064961 1.2765748 0.9064961 1.2805118 0 P 0
L 0.9064961 1.2805118 0.9064961 1.2844488 0 P 0
L 0.9064961 1.2805118 0.9104331 1.2805118 0 P 0
L 0.9065025 1.223422 0.9065025 1.2431102 1 P 0
L 0.9106063 0.988189 0.9106063 1.0118111 0 P 0
L 0.9118111 1.394685 0.9118111 1.4655512 0 P 0
L 0.9118111 1.394685 0.9464567 1.394685 0 P 0
L 0.9118111 1.4655512 0.9464567 1.4655512 0 P 0
L 0.9120079 1.0222441 0.9120079 1.1490157 0 P 0
L 0.9135795 0.7381858 0.9309023 0.7381858 0 P 0
L 0.9155512 0.6653543 0.932874 0.6653543 0 P 0
L 0.9179134 1.6588582 0.9179134 1.732874 0 P 0
L 0.9179134 1.6588582 1.044685 1.6588582 0 P 0
L 0.9179134 1.732874 1.044685 1.732874 0 P 0
L 0.9188976 1.6387795 0.9188976 1.7096457 0 P 0
L 0.9204725 1.4301181 0.9377953 1.4301181 0 P 0
L 0.9222409 0.7295244 0.9222409 0.7468472 0 P 0
L 0.9236204 0.7244037 0.9236204 0.7952699 0 P 0
L 0.9236204 0.7244037 0.958266 0.7244037 0 P 0
L 0.9236204 0.7952699 0.958266 0.7952699 0 P 0
L 0.9242126 0.6566929 0.9242126 0.6740157 0 P 0
L 0.9283486 0.40157 0.9456714 0.40157 0 P 0
L 0.9291339 1.4214567 0.9291339 1.4387795 0 P 0
L 0.9322818 0.7598368 0.9496046 0.7598368 0 P 0
L 0.9330709 0.505315 0.9330709 0.5399606 0 P 0
L 0.9330709 1.2687007 0.9330709 1.2923228 0 P 0
L 0.9334646 1.4852362 0.9334646 1.5561024 0 P 0
L 0.9334646 1.4852362 0.9681102 1.4852362 0 P 0
L 0.9334646 1.5561024 0.9681102 1.5561024 0 P 0
L 0.9366144 0.3271646 0.9366144 0.3814954 0 P 0
L 0.93701 0.3929086 0.93701 0.4102314 0 P 0
L 0.9395637 0.7027527 0.9395637 0.7736189 0 P 0
L 0.9403544 1.1358267 0.9403544 1.2066929 0 P 0
L 0.9403544 1.1358267 0.975 1.1358267 0 P 0
L 0.9403544 1.2066929 0.975 1.2066929 0 P 0
L 0.9409431 0.9669272 0.9409431 1.0015728 0 P 0
L 0.9409432 0.7511754 0.9409432 0.7684982 0 P 0
L 0.942126 1.5206693 0.9594488 1.5206693 0 P 0
L 0.9448819 1.1978346 0.9448819 1.2509842 0 P 0
L 0.9448819 1.1978346 0.9685039 1.1978346 0 P 0
L 0.9448819 1.2509842 0.968504 1.2509842 0 P 0
L 0.9458661 1.0875984 0.9458662 1.140748 0 P 0
L 0.9458661 1.0875984 0.9694882 1.0875984 0 P 0
L 0.9458662 1.0411654 0.9458662 1.094315 0 P 0
L 0.9458662 1.0411654 0.9694882 1.0411654 0 P 0
L 0.9458662 1.094315 0.9694883 1.094315 0 P 0
L 0.9458662 1.140748 0.9694882 1.140748 0 P 0
L 0.9458662 1.1761779 0.9458662 1.2706661 1 P 0
L 0.9464567 1.394685 0.9464567 1.4655512 0 P 0
L 0.9490158 1.1712598 0.9663386 1.1712598 0 P 0
L 0.9507874 1.5120079 0.9507874 1.5293307 0 P 0
L 0.9527559 1.2244094 0.9566929 1.2244094 0 P 0
L 0.9537402 1.0677402 0.9576772 1.0677402 0 P 0
L 0.9537402 1.1141732 0.9576772 1.1141732 0 P 0
L 0.9566929 1.2204724 0.9566929 1.2244094 0 P 0
L 0.9566929 1.2244094 0.9566929 1.2283464 0 P 0
L 0.9566929 1.2244094 0.9606299 1.2244094 0 P 0
L 0.9576772 1.0638032 0.9576772 1.0677402 0 P 0
L 0.9576772 1.0677402 0.9576772 1.0716772 0 P 0
L 0.9576772 1.0677402 0.9616142 1.0677402 0 P 0
L 0.9576772 1.1102362 0.9576772 1.1141732 0 P 0
L 0.9576772 1.1141732 0.9576772 1.1181102 0 P 0
L 0.9576772 1.1141732 0.9616142 1.1141732 0 P 0
L 0.9576772 1.1625984 0.9576772 1.1799212 0 P 0
L 0.958266 0.7244037 0.958266 0.7952699 0 P 0
L 0.9596457 0.6480315 0.9596457 0.6826771 0 P 0
L 0.9675197 1.6958661 0.9950787 1.6958661 0 P 0
L 0.9681102 1.4852362 0.9681102 1.5561024 0 P 0
L 0.9685039 1.1978346 0.968504 1.2509842 0 P 0
L 0.9694882 1.0411654 0.9694883 1.094315 0 P 0
L 0.9694882 1.0875984 0.9694882 1.140748 0 P 0
L 0.9724431 0.3842472 0.9724431 0.4188928 0 P 0
L 0.975 1.1358267 0.975 1.2066929 0 P 0
L 0.9812992 1.6820866 0.9812992 1.7096456 0 P 0
L 1.044685 1.6588582 1.044685 1.732874 0 P 0
L 1.0807086 0.6352363 1.0807086 0.6698819 0 P 0
L 1.0807086 0.6352363 1.1515748 0.6352363 0 P 0
L 1.0807086 0.6698819 1.1515748 0.6698819 0 P 0
L 1.1062969 0.3842472 1.1062969 0.4188928 0 P 0
L 1.1062969 0.3842472 1.1771631 0.3842472 0 P 0
L 1.1062969 0.4188928 1.1771631 0.4188928 0 P 0
L 1.1074803 0.6525591 1.1248031 0.6525591 0 P 0
L 1.1161417 0.6438977 1.1161417 0.6612205 0 P 0
L 1.1220469 1.4866123 1.1220469 1.5212579 0 P 0
L 1.1220469 1.4866123 1.1929131 1.4866123 0 P 0
L 1.1220469 1.5212579 1.1929131 1.5212579 0 P 0
L 1.1330686 0.40157 1.1503914 0.40157 0 P 0
L 1.14173 0.3929086 1.14173 0.4102314 0 P 0
L 1.1488186 1.5039351 1.1661414 1.5039351 0 P 0
L 1.1492915 0.3540745 1.1492915 0.3887201 0 P 0
L 1.1492915 0.3540745 1.2201577 0.3540745 0 P 0
L 1.1492915 0.3887201 1.2201577 0.3887201 0 P 0
L 1.1507523 0.3219359 1.1507523 0.3565815 0 P 0
L 1.1507523 0.3219359 1.2216185 0.3219359 0 P 0
L 1.1507523 0.3565815 1.2216185 0.3565815 0 P 0
L 1.1515748 0.6352363 1.1515748 0.6698819 0 P 0
L 1.15748 1.4952737 1.15748 1.5125965 0 P 0
L 1.1760632 0.3713973 1.193386 0.3713973 0 P 0
L 1.1771631 0.3842472 1.1771631 0.4188928 0 P 0
L 1.177524 0.3392587 1.1948468 0.3392587 0 P 0
L 1.1847246 0.3627359 1.1847246 0.3800587 0 P 0
L 1.1861854 0.3305973 1.1861854 0.3479201 0 P 0
L 1.1913386 1.1653543 1.1913386 1.2362205 0 P 0
L 1.1913386 1.1653543 1.2259842 1.1653543 0 P 0
L 1.1913386 1.2362205 1.2259842 1.2362205 0 P 0
L 1.1929131 1.4866123 1.1929131 1.5212579 0 P 0
L 1.1929134 1.241315 1.1929134 1.2944646 0 P 0
L 1.1929134 1.241315 1.2165354 1.241315 0 P 0
L 1.1929134 1.2944646 1.2165355 1.2944646 0 P 0
L 1.1957131 0.9734737 1.1957131 1.0266233 0 P 0
L 1.1957131 0.9734737 1.2193351 0.9734737 0 P 0
L 1.1957131 1.0266233 1.2193352 1.0266233 0 P 0
L 1.2 1.2007874 1.2173228 1.2007874 0 P 0
L 1.2007874 1.2678898 1.2047244 1.2678898 0 P 0
L 1.2035871 1.0000485 1.2075241 1.0000485 0 P 0
L 1.2047244 1.2639528 1.2047244 1.2678898 0 P 0
L 1.2047244 1.2678898 1.2047244 1.2718268 0 P 0
L 1.2047244 1.2678898 1.2086614 1.2678898 0 P 0
L 1.2075241 0.9961115 1.2075241 1.0000485 0 P 0
L 1.2075241 1.0000485 1.2075241 1.0039855 0 P 0
L 1.2075241 1.0000485 1.2114611 1.0000485 0 P 0
L 1.2086614 1.192126 1.2086614 1.2094488 0 P 0
L 1.2110236 1.0438977 1.2110236 1.1706693 0 P 0
L 1.2110236 1.0438977 1.2850394 1.0438977 0 P 0
L 1.2110236 1.1706693 1.2850394 1.1706693 0 P 0
L 1.2129922 1.2411417 1.2129922 1.3120079 0 P 0
L 1.2129922 1.2411417 1.2476378 1.2411417 0 P 0
L 1.2129922 1.3120079 1.2476378 1.3120079 0 P 0
L 1.2159449 0.9645669 1.2159449 1.0354331 0 P 0
L 1.2159449 0.9645669 1.2505905 0.9645669 0 P 0
L 1.2159449 1.0354331 1.2505905 1.0354331 0 P 0
L 1.2165354 1.241315 1.2165355 1.2944646 0 P 0
L 1.2193351 0.9734737 1.2193352 1.0266233 0 P 0
L 1.2201577 0.3540745 1.2201577 0.3887201 0 P 0
L 1.2216185 0.3219359 1.2216185 0.3565815 0 P 0
L 1.2216536 1.2765748 1.2389764 1.2765748 0 P 0
L 1.2246063 1 1.2419291 1 0 P 0
L 1.2259842 1.1653543 1.2259842 1.2362205 0 P 0
L 1.230315 1.2679134 1.230315 1.2852362 0 P 0
L 1.2332677 0.9913386 1.2332677 1.0086614 0 P 0
L 1.234252 1.1072835 1.261811 1.1072835 0 P 0
L 1.2401575 -0.0019685 1.2401575 0.3299212 0 P 0
L 1.2476378 1.2411417 1.2476378 1.3120079 0 P 0
L 1.2480315 1.093504 1.2480315 1.121063 0 P 0
L 1.2505905 0.9645669 1.2505905 1.0354331 0 P 0
L 1.2507874 1.425 1.3 1.425 1 P 0
L 1.2681071 0.0757842 1.2681071 0.1466504 0 P 0
L 1.2681071 0.0757842 1.3027527 0.0757842 0 P 0
L 1.2681071 0.1466504 1.3027527 0.1466504 0 P 0
L 1.2706693 1.251378 1.2706693 1.2860236 0 P 0
L 1.2706693 1.251378 1.3415355 1.251378 0 P 0
L 1.2706693 1.2809055 1.2706693 1.3155511 0 P 0
L 1.2706693 1.2809055 1.3415355 1.2809055 0 P 0
L 1.2706693 1.2860236 1.3415355 1.2860236 0 P 0
L 1.2706693 1.3155511 1.3415355 1.3155511 0 P 0
L 1.2767685 0.1112173 1.2940913 0.1112173 0 P 0
L 1.2848426 1.0787401 1.2848426 1.1496063 0 P 0
L 1.2848426 1.0787401 1.3194882 1.0787401 0 P 0
L 1.2848426 1.1496063 1.3194882 1.1496063 0 P 0
L 1.2850394 1.0438977 1.2850394 1.1706693 0 P 0
L 1.2854299 0.1025559 1.2854299 0.1198787 0 P 0
L 1.293504 1.1141732 1.3108268 1.1141732 0 P 0
L 1.297441 1.2687008 1.3147638 1.2687008 0 P 0
L 1.297441 1.2982283 1.3147638 1.2982283 0 P 0
L 1.3 1.3757874 1.3 1.425 1 P 0
L 1.3 1.425 1.3 1.4742126 1 P 0
L 1.3 1.425 1.3492126 1.425 1 P 0
L 1.3021654 1.1055118 1.3021654 1.1228346 0 P 0
L 1.3027527 0.0757842 1.3027527 0.1466504 0 P 0
L 1.3061024 1.2600394 1.3061024 1.2773622 0 P 0
L 1.3061024 1.2895669 1.3061024 1.3068897 0 P 0
L 1.3159449 1.0895669 1.3159449 1.1427165 0 P 0
L 1.3159449 1.0895669 1.3395669 1.0895669 0 P 0
L 1.3159449 1.1427165 1.339567 1.1427165 0 P 0
L 1.3194882 1.0787401 1.3194882 1.1496063 0 P 0
L 1.3238189 1.1161417 1.3277559 1.1161417 0 P 0
L 1.3277559 1.1122047 1.3277559 1.1161417 0 P 0
L 1.3277559 1.1161417 1.3277559 1.1200787 0 P 0
L 1.3277559 1.1161417 1.3316929 1.1161417 0 P 0
L 1.3301181 1.1692913 1.3301181 1.2401575 0 P 0
L 1.3301181 1.1692913 1.3647637 1.1692913 0 P 0
L 1.3301181 1.2401575 1.3647637 1.2401575 0 P 0
L 1.3360205 1.0797276 1.3360205 1.1505938 0 P 0
L 1.3360205 1.0797276 1.3706661 1.0797276 0 P 0
L 1.3360205 1.1505938 1.3706661 1.1505938 0 P 0
L 1.3387795 1.2047244 1.3561023 1.2047244 0 P 0
L 1.3395669 1.0895669 1.339567 1.1427165 0 P 0
L 1.3415355 1.251378 1.3415355 1.2860236 0 P 0
L 1.3415355 1.2809055 1.3415355 1.3155511 0 P 0
L 1.3446819 1.1151607 1.3620047 1.1151607 0 P 0
L 1.3474409 1.196063 1.3474409 1.2133858 0 P 0
L 1.3533433 1.1064993 1.3533433 1.1238221 0 P 0
L 1.3647637 1.1692913 1.3647637 1.2401575 0 P 0
L 1.3706661 1.0797276 1.3706661 1.1505938 0 P 0
