#Layer_Color=9474304
#
#Feature symbol names
#
$0 r5
$1 r6.6666

#
#Feature attribute names
#

#
#Layer features
#
A 0.2869665 0.246 0.2869665 0.246 0.2669665 0.246 1 P 0 N
A 0.2959665 0.915 0.2959665 0.915 0.2759665 0.915 1 P 0 N
A 0.3799665 0.641 0.3799665 0.641 0.3599665 0.641 1 P 0 N
A 0.5459665 0.845 0.5459665 0.845 0.5259665 0.845 1 P 0 N
A 0.6219665 1.63 0.6219665 1.63 0.6019665 1.63 1 P 0 N
A 0.6439665 0.764 0.6439665 0.764 0.6239665 0.764 1 P 0 N
A 0.7409665 0.843 0.7409665 0.843 0.7209665 0.843 1 P 0 N
A 0.8939665 0.762 0.8939665 0.762 0.8739665 0.762 1 P 0 N
A 0.9130776 0.9783954 0.9130776 0.9783954 0.8930776 0.9783954 1 P 0 N
A 0.9149665 1.658 0.9149665 1.658 0.8949665 1.658 1 P 0 N
A 1.1059665 0.702 1.1059665 0.702 1.0859665 0.702 1 P 0 N
A 1.1359665 0.905 1.1359665 0.905 1.1159665 0.905 1 P 0 N
A 1.1639665 1.584 1.1639665 1.584 1.1439665 1.584 1 P 0 N
A 1.2359665 0.241 1.2359665 0.241 1.2159665 0.241 1 P 0 N
A 1.2739665 0.819 1.2739665 0.819 1.2539665 0.819 1 P 0 N
L 0.0429565 0.04299 0.0529565 0.06299 0 P 0
L 0.0429565 0.04299 0.0629565 0.05299 0 P 0
L 0.0429565 0.08299 0.0529565 0.06299 0 P 0
L 0.0429565 0.08299 0.0629565 0.07299 0 P 0
L 0.0429565 0.14299 0.0529565 0.16299 0 P 0
L 0.0429565 0.14299 0.0629565 0.15299 0 P 0
L 0.0429565 0.18299 0.0529565 0.16299 0 P 0
L 0.0429565 0.18299 0.0629565 0.17299 0 P 0
L 0.0429565 0.24299 0.0529565 0.26299 0 P 0
L 0.0429565 0.24299 0.0629565 0.25299 0 P 0
L 0.0429565 0.28299 0.0529565 0.26299 0 P 0
L 0.0429565 0.28299 0.0629565 0.27299 0 P 0
L 0.0429565 0.34299 0.0529565 0.36299 0 P 0
L 0.0429565 0.34299 0.0629565 0.35299 0 P 0
L 0.0429565 0.38299 0.0529565 0.36299 0 P 0
L 0.0429565 0.38299 0.0629565 0.37299 0 P 0
L 0.0429565 0.44299 0.0529565 0.46299 0 P 0
L 0.0429565 0.44299 0.0629565 0.45299 0 P 0
L 0.0429565 0.48299 0.0529565 0.46299 0 P 0
L 0.0429565 0.48299 0.0629565 0.47299 0 P 0
L 0.0429565 0.54299 0.0529565 0.56299 0 P 0
L 0.0429565 0.54299 0.0629565 0.55299 0 P 0
L 0.0429565 0.58299 0.0529565 0.56299 0 P 0
L 0.0429565 0.58299 0.0629565 0.57299 0 P 0
L 0.0429565 0.64299 0.0529565 0.66299 0 P 0
L 0.0429565 0.64299 0.0629565 0.65299 0 P 0
L 0.0429565 0.68299 0.0529565 0.66299 0 P 0
L 0.0429565 0.68299 0.0629565 0.67299 0 P 0
L 0.0429565 0.74299 0.0529565 0.76299 0 P 0
L 0.0429565 0.74299 0.0629565 0.75299 0 P 0
L 0.0429565 0.78299 0.0529565 0.76299 0 P 0
L 0.0429565 0.78299 0.0629565 0.77299 0 P 0
L 0.0508365 0.99575 0.0508365 1.00575 0 P 0
L 0.0508365 0.99575 0.0608365 0.99575 0 P 0
L 0.0508365 1.00575 0.0608365 1.01575 0 P 0
L 0.0508365 1.02575 0.0508365 1.03575 0 P 0
L 0.0508365 1.02575 0.0608365 1.01575 0 P 0
L 0.0508365 1.03575 0.0608365 1.03575 0 P 0
L 0.0508365 1.16898 0.0508365 1.17898 0 P 0
L 0.0508365 1.16898 0.0608365 1.16898 0 P 0
L 0.0508365 1.17898 0.0608365 1.18898 0 P 0
L 0.0508365 1.19898 0.0508365 1.20898 0 P 0
L 0.0508365 1.19898 0.0608365 1.18898 0 P 0
L 0.0508365 1.20898 0.0608365 1.20898 0 P 0
L 0.0508365 1.3422 0.0508365 1.3522 0 P 0
L 0.0508365 1.3422 0.0608365 1.3422 0 P 0
L 0.0508365 1.3522 0.0608365 1.3622 0 P 0
L 0.0508365 1.3722 0.0508365 1.3822 0 P 0
L 0.0508365 1.3722 0.0608365 1.3622 0 P 0
L 0.0508365 1.3822 0.0608365 1.3822 0 P 0
L 0.0587065 1.06087 0.0587065 1.08087 0 P 0
L 0.0587065 1.06087 0.0687065 1.06087 0 P 0
L 0.0587065 1.08087 0.0687065 1.08087 0 P 0
L 0.0587065 1.29709 0.0587065 1.31709 0 P 0
L 0.0587065 1.29709 0.0687065 1.29709 0 P 0
L 0.0587065 1.31709 0.0687065 1.31709 0 P 0
L 0.0608365 0.99575 0.0708365 1.00575 0 P 0
L 0.0608365 1.03575 0.0708365 1.02575 0 P 0
L 0.0608365 1.16898 0.0708365 1.17898 0 P 0
L 0.0608365 1.20898 0.0708365 1.19898 0 P 0
L 0.0608365 1.3422 0.0708365 1.3522 0 P 0
L 0.0608365 1.3822 0.0708365 1.3722 0 P 0
L 0.0629565 0.05299 0.0829565 0.04299 0 P 0
L 0.0629565 0.07299 0.0829565 0.08299 0 P 0
L 0.0629565 0.15299 0.0829565 0.14299 0 P 0
L 0.0629565 0.17299 0.0829565 0.18299 0 P 0
L 0.0629565 0.25299 0.0829565 0.24299 0 P 0
L 0.0629565 0.27299 0.0829565 0.28299 0 P 0
L 0.0629565 0.35299 0.0829565 0.34299 0 P 0
L 0.0629565 0.37299 0.0829565 0.38299 0 P 0
L 0.0629565 0.45299 0.0829565 0.44299 0 P 0
L 0.0629565 0.47299 0.0829565 0.48299 0 P 0
L 0.0629565 0.55299 0.0829565 0.54299 0 P 0
L 0.0629565 0.57299 0.0829565 0.58299 0 P 0
L 0.0629565 0.65299 0.0829565 0.64299 0 P 0
L 0.0629565 0.67299 0.0829565 0.68299 0 P 0
L 0.0629565 0.75299 0.0829565 0.74299 0 P 0
L 0.0629565 0.77299 0.0829565 0.78299 0 P 0
L 0.0687065 1.05087 0.0687065 1.06087 0 P 0
L 0.0687065 1.05087 0.0887065 1.05087 0 P 0
L 0.0687065 1.08087 0.0687065 1.09087 0 P 0
L 0.0687065 1.09087 0.0887065 1.09087 0 P 0
L 0.0687065 1.28709 0.0687065 1.29709 0 P 0
L 0.0687065 1.28709 0.0887065 1.28709 0 P 0
L 0.0687065 1.31709 0.0687065 1.32709 0 P 0
L 0.0687065 1.32709 0.0887065 1.32709 0 P 0
L 0.0705165 1.04118 0.0705165 1.06118 0 P 0
L 0.0705165 1.04118 0.0805165 1.04118 0 P 0
L 0.0705165 1.06118 0.0805165 1.06118 0 P 0
L 0.0705165 1.31677 0.0705165 1.33677 0 P 0
L 0.0705165 1.31677 0.0805165 1.31677 0 P 0
L 0.0705165 1.33677 0.0805165 1.33677 0 P 0
L 0.0708365 1.00575 0.0808365 0.99575 0 P 0
L 0.0708365 1.02575 0.0808365 1.03575 0 P 0
L 0.0708365 1.17898 0.0808365 1.16898 0 P 0
L 0.0708365 1.19898 0.0808365 1.20898 0 P 0
L 0.0708365 1.3522 0.0808365 1.3422 0 P 0
L 0.0708365 1.3722 0.0808365 1.3822 0 P 0
L 0.0729565 0.06299 0.0829565 0.04299 0 P 0
L 0.0729565 0.06299 0.0829565 0.08299 0 P 0
L 0.0729565 0.16299 0.0829565 0.14299 0 P 0
L 0.0729565 0.16299 0.0829565 0.18299 0 P 0
L 0.0729565 0.26299 0.0829565 0.24299 0 P 0
L 0.0729565 0.26299 0.0829565 0.28299 0 P 0
L 0.0729565 0.36299 0.0829565 0.34299 0 P 0
L 0.0729565 0.36299 0.0829565 0.38299 0 P 0
L 0.0729565 0.46299 0.0829565 0.44299 0 P 0
L 0.0729565 0.46299 0.0829565 0.48299 0 P 0
L 0.0729565 0.56299 0.0829565 0.54299 0 P 0
L 0.0729565 0.56299 0.0829565 0.58299 0 P 0
L 0.0729565 0.66299 0.0829565 0.64299 0 P 0
L 0.0729565 0.66299 0.0829565 0.68299 0 P 0
L 0.0729565 0.76299 0.0829565 0.74299 0 P 0
L 0.0729565 0.76299 0.0829565 0.78299 0 P 0
L 0.0805165 1.03118 0.0805165 1.04118 0 P 0
L 0.0805165 1.03118 0.1005165 1.03118 0 P 0
L 0.0805165 1.06118 0.0805165 1.07118 0 P 0
L 0.0805165 1.07118 0.1005165 1.07118 0 P 0
L 0.0805165 1.30677 0.0805165 1.31677 0 P 0
L 0.0805165 1.30677 0.1005165 1.30677 0 P 0
L 0.0805165 1.33677 0.0805165 1.34677 0 P 0
L 0.0805165 1.34677 0.1005165 1.34677 0 P 0
L 0.0808365 0.99575 0.0908365 0.99575 0 P 0
L 0.0808365 1.01575 0.0908365 1.00575 0 P 0
L 0.0808365 1.01575 0.0908365 1.02575 0 P 0
L 0.0808365 1.03575 0.0908365 1.03575 0 P 0
L 0.0808365 1.16898 0.0908365 1.16898 0 P 0
L 0.0808365 1.18898 0.0908365 1.17898 0 P 0
L 0.0808365 1.18898 0.0908365 1.19898 0 P 0
L 0.0808365 1.20898 0.0908365 1.20898 0 P 0
L 0.0808365 1.3422 0.0908365 1.3422 0 P 0
L 0.0808365 1.3622 0.0908365 1.3522 0 P 0
L 0.0808365 1.3622 0.0908365 1.3722 0 P 0
L 0.0808365 1.3822 0.0908365 1.3822 0 P 0
L 0.0823265 0.95063 0.0823265 0.97063 0 P 0
L 0.0823265 0.95063 0.0923265 0.95063 0 P 0
L 0.0823265 0.97063 0.0923265 0.97063 0 P 0
L 0.0823265 1.06087 0.0823265 1.08087 0 P 0
L 0.0823265 1.06087 0.0923265 1.06087 0 P 0
L 0.0823265 1.08087 0.0923265 1.08087 0 P 0
L 0.0823265 1.29709 0.0823265 1.31709 0 P 0
L 0.0823265 1.29709 0.0923265 1.29709 0 P 0
L 0.0823265 1.31709 0.0923265 1.31709 0 P 0
L 0.0823265 1.40732 0.0823265 1.42732 0 P 0
L 0.0823265 1.40732 0.0923265 1.40732 0 P 0
L 0.0823265 1.42732 0.0923265 1.42732 0 P 0
L 0.0887065 1.05087 0.0887065 1.06087 0 P 0
L 0.0887065 1.06087 0.0987065 1.06087 0 P 0
L 0.0887065 1.08087 0.0887065 1.09087 0 P 0
L 0.0887065 1.08087 0.0987065 1.08087 0 P 0
L 0.0887065 1.28709 0.0887065 1.29709 0 P 0
L 0.0887065 1.29709 0.0987065 1.29709 0 P 0
L 0.0887065 1.31709 0.0887065 1.32709 0 P 0
L 0.0887065 1.31709 0.0987065 1.31709 0 P 0
L 0.0908365 0.99575 0.0908365 1.00575 0 P 0
L 0.0908365 1.02575 0.0908365 1.03575 0 P 0
L 0.0908365 1.16898 0.0908365 1.17898 0 P 0
L 0.0908365 1.19898 0.0908365 1.20898 0 P 0
L 0.0908365 1.3422 0.0908365 1.3522 0 P 0
L 0.0908365 1.3722 0.0908365 1.3822 0 P 0
L 0.0923265 0.94063 0.0923265 0.95063 0 P 0
L 0.0923265 0.94063 0.1123265 0.94063 0 P 0
L 0.0923265 0.97063 0.0923265 0.98063 0 P 0
L 0.0923265 0.98063 0.1123265 0.98063 0 P 0
L 0.0923265 1.05087 0.0923265 1.06087 0 P 0
L 0.0923265 1.05087 0.1123265 1.05087 0 P 0
L 0.0923265 1.08087 0.0923265 1.09087 0 P 0
L 0.0923265 1.09087 0.1123265 1.09087 0 P 0
L 0.0923265 1.28709 0.0923265 1.29709 0 P 0
L 0.0923265 1.28709 0.1123265 1.28709 0 P 0
L 0.0923265 1.31709 0.0923265 1.32709 0 P 0
L 0.0923265 1.32709 0.1123265 1.32709 0 P 0
L 0.0923265 1.39732 0.0923265 1.40732 0 P 0
L 0.0923265 1.39732 0.1123265 1.39732 0 P 0
L 0.0923265 1.42732 0.0923265 1.43732 0 P 0
L 0.0923265 1.43732 0.1123265 1.43732 0 P 0
L 0.0939665 1.318 0.0939665 1.338 0 P 0
L 0.0939665 1.318 0.1039665 1.318 0 P 0
L 0.0939665 1.338 0.1039665 1.338 0 P 0
L 0.0987065 1.06087 0.0987065 1.08087 0 P 0
L 0.0987065 1.29709 0.0987065 1.31709 0 P 0
L 0.0999665 1.62 0.1099665 1.62 0 P 0
L 0.0999665 1.62 0.1099665 1.63 0 P 0
L 0.0999665 1.64 0.1099665 1.63 0 P 0
L 0.0999665 1.64 0.1099665 1.64 0 P 0
L 0.1005165 1.03118 0.1005165 1.04118 0 P 0
L 0.1005165 1.04118 0.1105165 1.04118 0 P 0
L 0.1005165 1.06118 0.1005165 1.07118 0 P 0
L 0.1005165 1.06118 0.1105165 1.06118 0 P 0
L 0.1005165 1.30677 0.1005165 1.31677 0 P 0
L 0.1005165 1.31677 0.1105165 1.31677 0 P 0
L 0.1005165 1.33677 0.1005165 1.34677 0 P 0
L 0.1005165 1.33677 0.1105165 1.33677 0 P 0
L 0.1039665 1.308 0.1039665 1.318 0 P 0
L 0.1039665 1.308 0.1239665 1.308 0 P 0
L 0.1039665 1.338 0.1039665 1.348 0 P 0
L 0.1039665 1.348 0.1239665 1.348 0 P 0
L 0.1057765 1.29832 0.1057765 1.31832 0 P 0
L 0.1057765 1.29832 0.1157765 1.29832 0 P 0
L 0.1057765 1.31832 0.1157765 1.31832 0 P 0
L 0.1099665 1.62 0.1199665 1.61 0 P 0
L 0.1099665 1.64 0.1199665 1.65 0 P 0
L 0.1105165 1.04118 0.1105165 1.06118 0 P 0
L 0.1105165 1.31677 0.1105165 1.33677 0 P 0
L 0.1123265 0.94063 0.1123265 0.95063 0 P 0
L 0.1123265 0.95063 0.1223265 0.95063 0 P 0
L 0.1123265 0.97063 0.1123265 0.98063 0 P 0
L 0.1123265 0.97063 0.1223265 0.97063 0 P 0
L 0.1123265 1.05087 0.1123265 1.06087 0 P 0
L 0.1123265 1.06087 0.1223265 1.06087 0 P 0
L 0.1123265 1.08087 0.1123265 1.09087 0 P 0
L 0.1123265 1.08087 0.1223265 1.08087 0 P 0
L 0.1123265 1.28709 0.1123265 1.29709 0 P 0
L 0.1123265 1.29709 0.1223265 1.29709 0 P 0
L 0.1123265 1.31709 0.1123265 1.32709 0 P 0
L 0.1123265 1.31709 0.1223265 1.31709 0 P 0
L 0.1123265 1.39732 0.1123265 1.40732 0 P 0
L 0.1123265 1.40732 0.1223265 1.40732 0 P 0
L 0.1123265 1.42732 0.1123265 1.43732 0 P 0
L 0.1123265 1.42732 0.1223265 1.42732 0 P 0
L 0.1157765 1.28832 0.1157765 1.29832 0 P 0
L 0.1157765 1.28832 0.1357765 1.28832 0 P 0
L 0.1157765 1.31832 0.1157765 1.32832 0 P 0
L 0.1157765 1.32832 0.1357765 1.32832 0 P 0
L 0.1175865 1.318 0.1175865 1.338 0 P 0
L 0.1175865 1.318 0.1275865 1.318 0 P 0
L 0.1175865 1.338 0.1275865 1.338 0 P 0
L 0.1199665 1.61 0.1299665 1.62 0 P 0
L 0.1199665 1.65 0.1299665 1.64 0 P 0
L 0.1223265 0.95063 0.1223265 0.97063 0 P 0
L 0.1223265 1.06087 0.1223265 1.08087 0 P 0
L 0.1223265 1.29709 0.1223265 1.31709 0 P 0
L 0.1223265 1.40732 0.1223265 1.42732 0 P 0
L 0.1239665 1.308 0.1239665 1.318 0 P 0
L 0.1239665 1.318 0.1339665 1.318 0 P 0
L 0.1239665 1.338 0.1239665 1.348 0 P 0
L 0.1239665 1.338 0.1339665 1.338 0 P 0
L 0.1275865 1.308 0.1275865 1.318 0 P 0
L 0.1275865 1.308 0.1475865 1.308 0 P 0
L 0.1275865 1.338 0.1275865 1.348 0 P 0
L 0.1275865 1.348 0.1475865 1.348 0 P 0
L 0.1299665 1.62 0.1399665 1.62 0 P 0
L 0.1299665 1.63 0.1399665 1.62 0 P 0
L 0.1299665 1.63 0.1399665 1.64 0 P 0
L 0.1299665 1.64 0.1399665 1.64 0 P 0
L 0.1339665 1.318 0.1339665 1.338 0 P 0
L 0.1357765 1.28832 0.1357765 1.29832 0 P 0
L 0.1357765 1.29832 0.1457765 1.29832 0 P 0
L 0.1357765 1.31832 0.1357765 1.32832 0 P 0
L 0.1357765 1.31832 0.1457765 1.31832 0 P 0
L 0.1429565 0.04299 0.1529565 0.06299 0 P 0
L 0.1429565 0.04299 0.1629565 0.05299 0 P 0
L 0.1429565 0.08299 0.1529565 0.06299 0 P 0
L 0.1429565 0.08299 0.1629565 0.07299 0 P 0
L 0.1429565 0.14299 0.1529565 0.16299 0 P 0
L 0.1429565 0.14299 0.1629565 0.15299 0 P 0
L 0.1429565 0.18299 0.1529565 0.16299 0 P 0
L 0.1429565 0.18299 0.1629565 0.17299 0 P 0
L 0.1429565 0.24299 0.1529565 0.26299 0 P 0
L 0.1429565 0.24299 0.1629565 0.25299 0 P 0
L 0.1429565 0.28299 0.1529565 0.26299 0 P 0
L 0.1429565 0.28299 0.1629565 0.27299 0 P 0
L 0.1429565 0.34299 0.1529565 0.36299 0 P 0
L 0.1429565 0.34299 0.1629565 0.35299 0 P 0
L 0.1429565 0.38299 0.1529565 0.36299 0 P 0
L 0.1429565 0.38299 0.1629565 0.37299 0 P 0
L 0.1429565 0.44299 0.1529565 0.46299 0 P 0
L 0.1429565 0.44299 0.1629565 0.45299 0 P 0
L 0.1429565 0.48299 0.1529565 0.46299 0 P 0
L 0.1429565 0.48299 0.1629565 0.47299 0 P 0
L 0.1429565 0.54299 0.1529565 0.56299 0 P 0
L 0.1429565 0.54299 0.1629565 0.55299 0 P 0
L 0.1429565 0.58299 0.1529565 0.56299 0 P 0
L 0.1429565 0.58299 0.1629565 0.57299 0 P 0
L 0.1429565 0.64299 0.1529565 0.66299 0 P 0
L 0.1429565 0.64299 0.1629565 0.65299 0 P 0
L 0.1429565 0.68299 0.1529565 0.66299 0 P 0
L 0.1429565 0.68299 0.1629565 0.67299 0 P 0
L 0.1429565 0.74299 0.1529565 0.76299 0 P 0
L 0.1429565 0.74299 0.1629565 0.75299 0 P 0
L 0.1429565 0.78299 0.1529565 0.76299 0 P 0
L 0.1429565 0.78299 0.1629565 0.77299 0 P 0
L 0.1457765 1.29832 0.1457765 1.31832 0 P 0
L 0.1475865 1.308 0.1475865 1.318 0 P 0
L 0.1475865 1.318 0.1575865 1.318 0 P 0
L 0.1475865 1.338 0.1475865 1.348 0 P 0
L 0.1475865 1.338 0.1575865 1.338 0 P 0
L 0.1575865 1.318 0.1575865 1.338 0 P 0
L 0.1629565 0.05299 0.1829565 0.04299 0 P 0
L 0.1629565 0.07299 0.1829565 0.08299 0 P 0
L 0.1629565 0.15299 0.1829565 0.14299 0 P 0
L 0.1629565 0.17299 0.1829565 0.18299 0 P 0
L 0.1629565 0.25299 0.1829565 0.24299 0 P 0
L 0.1629565 0.27299 0.1829565 0.28299 0 P 0
L 0.1629565 0.35299 0.1829565 0.34299 0 P 0
L 0.1629565 0.37299 0.1829565 0.38299 0 P 0
L 0.1629565 0.45299 0.1829565 0.44299 0 P 0
L 0.1629565 0.47299 0.1829565 0.48299 0 P 0
L 0.1629565 0.55299 0.1829565 0.54299 0 P 0
L 0.1629565 0.57299 0.1829565 0.58299 0 P 0
L 0.1629565 0.65299 0.1829565 0.64299 0 P 0
L 0.1629565 0.67299 0.1829565 0.68299 0 P 0
L 0.1629565 0.75299 0.1829565 0.74299 0 P 0
L 0.1629565 0.77299 0.1829565 0.78299 0 P 0
L 0.1729565 0.06299 0.1829565 0.04299 0 P 0
L 0.1729565 0.06299 0.1829565 0.08299 0 P 0
L 0.1729565 0.16299 0.1829565 0.14299 0 P 0
L 0.1729565 0.16299 0.1829565 0.18299 0 P 0
L 0.1729565 0.26299 0.1829565 0.24299 0 P 0
L 0.1729565 0.26299 0.1829565 0.28299 0 P 0
L 0.1729565 0.36299 0.1829565 0.34299 0 P 0
L 0.1729565 0.36299 0.1829565 0.38299 0 P 0
L 0.1729565 0.46299 0.1829565 0.44299 0 P 0
L 0.1729565 0.46299 0.1829565 0.48299 0 P 0
L 0.1729565 0.56299 0.1829565 0.54299 0 P 0
L 0.1729565 0.56299 0.1829565 0.58299 0 P 0
L 0.1729565 0.66299 0.1829565 0.64299 0 P 0
L 0.1729565 0.66299 0.1829565 0.68299 0 P 0
L 0.1729565 0.76299 0.1829565 0.74299 0 P 0
L 0.1729565 0.76299 0.1829565 0.78299 0 P 0
L 0.2319365 0.53906 0.2319365 0.54906 0 P 0
L 0.2319365 0.53906 0.2419365 0.53906 0 P 0
L 0.2319365 0.54906 0.2419365 0.55906 0 P 0
L 0.2319365 0.56906 0.2319365 0.57906 0 P 0
L 0.2319365 0.56906 0.2419365 0.55906 0 P 0
L 0.2319365 0.57906 0.2419365 0.57906 0 P 0
L 0.2398065 0.3522 0.2398065 0.3722 0 P 0
L 0.2398065 0.3522 0.2498065 0.3522 0 P 0
L 0.2398065 0.3722 0.2498065 0.3722 0 P 0
L 0.2398065 0.45457 0.2398065 0.47457 0 P 0
L 0.2398065 0.45457 0.2498065 0.45457 0 P 0
L 0.2398065 0.47457 0.2498065 0.47457 0 P 0
L 0.2419365 0.53906 0.2519365 0.54906 0 P 0
L 0.2419365 0.57906 0.2519365 0.56906 0 P 0
L 0.2498065 0.3422 0.2498065 0.3522 0 P 0
L 0.2498065 0.3422 0.2698065 0.3422 0 P 0
L 0.2498065 0.3722 0.2498065 0.3822 0 P 0
L 0.2498065 0.3822 0.2698065 0.3822 0 P 0
L 0.2498065 0.44457 0.2498065 0.45457 0 P 0
L 0.2498065 0.44457 0.2698065 0.44457 0 P 0
L 0.2498065 0.47457 0.2498065 0.48457 0 P 0
L 0.2498065 0.48457 0.2698065 0.48457 0 P 0
L 0.2519365 0.54906 0.2619365 0.53906 0 P 0
L 0.2519365 0.56906 0.2619365 0.57906 0 P 0
L 0.2619365 0.53906 0.2719365 0.53906 0 P 0
L 0.2619365 0.55906 0.2719365 0.54906 0 P 0
L 0.2619365 0.55906 0.2719365 0.56906 0 P 0
L 0.2619365 0.57906 0.2719365 0.57906 0 P 0
L 0.2698065 0.3422 0.2698065 0.3522 0 P 0
L 0.2698065 0.3522 0.2798065 0.3522 0 P 0
L 0.2698065 0.3722 0.2698065 0.3822 0 P 0
L 0.2698065 0.3722 0.2798065 0.3722 0 P 0
L 0.2698065 0.44457 0.2698065 0.45457 0 P 0
L 0.2698065 0.45457 0.2798065 0.45457 0 P 0
L 0.2698065 0.47457 0.2698065 0.48457 0 P 0
L 0.2698065 0.47457 0.2798065 0.47457 0 P 0
L 0.2713065 0.83252 0.2713065 0.85252 0 P 0
L 0.2713065 0.83252 0.2813065 0.83252 0 P 0
L 0.2713065 0.85252 0.2813065 0.85252 0 P 0
L 0.2713065 0.86402 0.2713065 0.88402 0 P 0
L 0.2713065 0.86402 0.2813065 0.86402 0 P 0
L 0.2713065 0.88402 0.2813065 0.88402 0 P 0
L 0.2719365 0.53906 0.2719365 0.54906 0 P 0
L 0.2719365 0.56906 0.2719365 0.57906 0 P 0
L 0.2798065 0.3522 0.2798065 0.3722 0 P 0
L 0.2798065 0.45457 0.2798065 0.47457 0 P 0
L 0.2813065 0.82252 0.2813065 0.83252 0 P 0
L 0.2813065 0.82252 0.3013065 0.82252 0 P 0
L 0.2813065 0.85252 0.2813065 0.86252 0 P 0
L 0.2813065 0.85402 0.2813065 0.86402 0 P 0
L 0.2813065 0.85402 0.3013065 0.85402 0 P 0
L 0.2813065 0.86252 0.3013065 0.86252 0 P 0
L 0.2813065 0.88402 0.2813065 0.89402 0 P 0
L 0.2813065 0.89402 0.3013065 0.89402 0 P 0
L 0.3013065 0.82252 0.3013065 0.83252 0 P 0
L 0.3013065 0.83252 0.3113065 0.83252 0 P 0
L 0.3013065 0.85252 0.3013065 0.86252 0 P 0
L 0.3013065 0.85252 0.3113065 0.85252 0 P 0
L 0.3013065 0.85402 0.3013065 0.86402 0 P 0
L 0.3013065 0.86402 0.3113065 0.86402 0 P 0
L 0.3013065 0.88402 0.3013065 0.89402 0 P 0
L 0.3013065 0.88402 0.3113065 0.88402 0 P 0
L 0.3113065 0.83252 0.3113065 0.85252 0 P 0
L 0.3113065 0.86402 0.3113065 0.88402 0 P 0
L 0.3126465 1.1737 0.3126465 1.2137 0 P 0
L 0.3126465 1.1737 0.3526465 1.1737 0 P 0
L 0.3126465 1.2137 0.3526465 1.2137 0 P 0
L 0.3126465 1.62173 0.3126465 1.66173 0 P 0
L 0.3126465 1.62173 0.3526465 1.62173 0 P 0
L 0.3126465 1.66173 0.3526465 1.66173 0 P 0
L 0.3419665 0.536 0.3419665 0.546 0 P 0
L 0.3419665 0.536 0.3519665 0.536 0 P 0
L 0.3419665 0.546 0.3519665 0.556 0 P 0
L 0.3419665 0.566 0.3419665 0.576 0 P 0
L 0.3419665 0.566 0.3519665 0.556 0 P 0
L 0.3419665 0.576 0.3519665 0.576 0 P 0
L 0.3519665 0.536 0.3619665 0.546 0 P 0
L 0.3519665 0.576 0.3619665 0.566 0 P 0
L 0.3526465 1.1737 0.3526465 1.2137 0 P 0
L 0.3526465 1.62173 0.3526465 1.66173 0 P 0
L 0.3619665 0.546 0.3719665 0.536 0 P 0
L 0.3619665 0.566 0.3719665 0.576 0 P 0
L 0.3622865 0.240155 0.3822865 0.220155 0 P 0
L 0.3622865 0.240155 0.3822865 0.260155 0 P 0
L 0.3719665 0.536 0.3819665 0.536 0 P 0
L 0.3719665 0.556 0.3819665 0.546 0 P 0
L 0.3719665 0.556 0.3819665 0.566 0 P 0
L 0.3719665 0.576 0.3819665 0.576 0 P 0
L 0.3819665 0.536 0.3819665 0.546 0 P 0
L 0.3819665 0.566 0.3819665 0.576 0 P 0
L 0.3822865 0.220155 0.4022865 0.240155 0 P 0
L 0.3822865 0.260155 0.4022865 0.240155 0 P 0
L 0.4126465 1.1737 0.4126465 1.2137 0 P 0
L 0.4126465 1.1737 0.4526465 1.1737 0 P 0
L 0.4126465 1.2137 0.4526465 1.2137 0 P 0
L 0.4126465 1.62173 0.4126465 1.66173 0 P 0
L 0.4126465 1.62173 0.4526465 1.62173 0 P 0
L 0.4126465 1.66173 0.4526465 1.66173 0 P 0
L 0.4526465 1.1737 0.4526465 1.2137 0 P 0
L 0.4526465 1.62173 0.4526465 1.66173 0 P 0
L 0.5886265 0.590865 0.6086265 0.550865 0 P 0
L 0.5886265 0.590865 0.6286265 0.590865 0 P 0
L 0.6086265 0.550865 0.6286265 0.590865 0 P 0
L 0.6287865 0.634175 0.6487865 0.594175 0 P 0
L 0.6287865 0.634175 0.6687865 0.634175 0 P 0
L 0.6487865 0.594175 0.6687865 0.634175 0 P 0
L 0.6619665 1.515 0.6619665 1.525 0 P 0
L 0.6619665 1.515 0.6719665 1.515 0 P 0
L 0.6619665 1.525 0.6719665 1.535 0 P 0
L 0.6619665 1.545 0.6619665 1.555 0 P 0
L 0.6619665 1.545 0.6719665 1.535 0 P 0
L 0.6619665 1.555 0.6719665 1.555 0 P 0
L 0.6689365 0.590865 0.6889365 0.550865 0 P 0
L 0.6689365 0.590865 0.7089365 0.590865 0 P 0
L 0.6719665 1.515 0.6819665 1.525 0 P 0
L 0.6719665 1.555 0.6819665 1.545 0 P 0
L 0.6819665 1.525 0.6919665 1.515 0 P 0
L 0.6819665 1.545 0.6919665 1.555 0 P 0
L 0.6889365 0.550865 0.7089365 0.590865 0 P 0
L 0.6919665 1.515 0.7019665 1.515 0 P 0
L 0.6919665 1.535 0.7019665 1.525 0 P 0
L 0.6919665 1.535 0.7019665 1.545 0 P 0
L 0.6919665 1.555 0.7019665 1.555 0 P 0
L 0.7019665 1.515 0.7019665 1.525 0 P 0
L 0.7019665 1.545 0.7019665 1.555 0 P 0
L 0.7090965 0.634175 0.7290965 0.594175 0 P 0
L 0.7090965 0.634175 0.7490965 0.634175 0 P 0
L 0.7290965 0.594175 0.7490965 0.634175 0 P 0
L 0.7492565 0.590865 0.7692565 0.550865 0 P 0
L 0.7492565 0.590865 0.7892565 0.590865 0 P 0
L 0.7536877 1.5157037 0.7536877 1.5257037 0 P 0
L 0.7536877 1.5157037 0.7636877 1.5157037 0 P 0
L 0.7536877 1.5257037 0.7636877 1.5357037 0 P 0
L 0.7536877 1.5457037 0.7536877 1.5557037 0 P 0
L 0.7536877 1.5457037 0.7636877 1.5357037 0 P 0
L 0.7536877 1.5557037 0.7636877 1.5557037 0 P 0
L 0.7636877 1.5157037 0.7736877 1.5257037 0 P 0
L 0.7636877 1.5557037 0.7736877 1.5457037 0 P 0
L 0.7692565 0.550865 0.7892565 0.590865 0 P 0
L 0.7736877 1.5257037 0.7836877 1.5157037 0 P 0
L 0.7736877 1.5457037 0.7836877 1.5557037 0 P 0
L 0.7836877 1.5157037 0.7936877 1.5157037 0 P 0
L 0.7836877 1.5357037 0.7936877 1.5257037 0 P 0
L 0.7836877 1.5357037 0.7936877 1.5457037 0 P 0
L 0.7836877 1.5557037 0.7936877 1.5557037 0 P 0
L 0.7894065 0.634175 0.8094065 0.594175 0 P 0
L 0.7894065 0.634175 0.8294065 0.634175 0 P 0
L 0.7936877 1.5157037 0.7936877 1.5257037 0 P 0
L 0.7936877 1.5457037 0.7936877 1.5557037 0 P 0
L 0.8094065 0.594175 0.8294065 0.634175 0 P 0
L 0.8295665 0.590865 0.8495665 0.550865 0 P 0
L 0.8295665 0.590865 0.8695665 0.590865 0 P 0
L 0.8495665 0.550865 0.8695665 0.590865 0 P 0
L 0.8697265 0.634175 0.8897265 0.594175 0 P 0
L 0.8697265 0.634175 0.9097265 0.634175 0 P 0
L 0.8897265 0.594175 0.9097265 0.634175 0 P 0
L 0.9468965 1.1737 0.9468965 1.2137 0 P 0
L 0.9468965 1.1737 0.9868965 1.1737 0 P 0
L 0.9468965 1.2137 0.9868965 1.2137 0 P 0
L 0.9468965 1.62173 0.9468965 1.66173 0 P 0
L 0.9468965 1.62173 0.9868965 1.62173 0 P 0
L 0.9468965 1.66173 0.9868965 1.66173 0 P 0
L 0.9868965 1.1737 0.9868965 1.2137 0 P 0
L 0.9868965 1.62173 0.9868965 1.66173 0 P 0
L 1.0468965 1.1737 1.0468965 1.2137 0 P 0
L 1.0468965 1.1737 1.0868965 1.1737 0 P 0
L 1.0468965 1.2137 1.0868965 1.2137 0 P 0
L 1.0468965 1.62173 1.0468965 1.66173 0 P 0
L 1.0468965 1.62173 1.0868965 1.62173 0 P 0
L 1.0468965 1.66173 1.0868965 1.66173 0 P 0
L 1.0868965 1.1737 1.0868965 1.2137 0 P 0
L 1.0868965 1.62173 1.0868965 1.66173 0 P 0
L 1.0961465 0.240155 1.1161465 0.220155 0 P 0
L 1.0961465 0.240155 1.1161465 0.260155 0 P 0
L 1.1129665 0.542 1.1129665 0.552 0 P 0
L 1.1129665 0.542 1.1229665 0.542 0 P 0
L 1.1129665 0.552 1.1229665 0.562 0 P 0
L 1.1129665 0.572 1.1129665 0.582 0 P 0
L 1.1129665 0.572 1.1229665 0.562 0 P 0
L 1.1129665 0.582 1.1229665 0.582 0 P 0
L 1.1161465 0.220155 1.1361465 0.240155 0 P 0
L 1.1161465 0.260155 1.1361465 0.240155 0 P 0
L 1.1229665 0.542 1.1329665 0.552 0 P 0
L 1.1229665 0.582 1.1329665 0.572 0 P 0
L 1.1329665 0.552 1.1429665 0.542 0 P 0
L 1.1329665 0.572 1.1429665 0.582 0 P 0
L 1.1429665 0.542 1.1529665 0.542 0 P 0
L 1.1429665 0.562 1.1529665 0.552 0 P 0
L 1.1429665 0.562 1.1529665 0.572 0 P 0
L 1.1429665 0.582 1.1529665 0.582 0 P 0
L 1.1529665 0.542 1.1529665 0.552 0 P 0
L 1.1529665 0.572 1.1529665 0.582 0 P 0
L 1.2004365 0.74378 1.2004365 0.75378 0 P 0
L 1.2004365 0.74378 1.2104365 0.74378 0 P 0
L 1.2004365 0.75378 1.2104365 0.76378 0 P 0
L 1.2004365 0.77378 1.2004365 0.78378 0 P 0
L 1.2004365 0.77378 1.2104365 0.76378 0 P 0
L 1.2004365 0.78378 1.2104365 0.78378 0 P 0
L 1.2104365 0.74378 1.2204365 0.75378 0 P 0
L 1.2104365 0.78378 1.2204365 0.77378 0 P 0
L 1.2204365 0.75378 1.2304365 0.74378 0 P 0
L 1.2204365 0.77378 1.2304365 0.78378 0 P 0
L 1.2304365 0.74378 1.2404365 0.74378 0 P 0
L 1.2304365 0.76378 1.2404365 0.75378 0 P 0
L 1.2304365 0.76378 1.2404365 0.77378 0 P 0
L 1.2304365 0.78378 1.2404365 0.78378 0 P 0
L 1.2404365 0.74378 1.2404365 0.75378 0 P 0
L 1.2404365 0.77378 1.2404365 0.78378 0 P 0
L 1.2599665 1.62 1.2699665 1.62 0 P 0
L 1.2599665 1.62 1.2699665 1.63 0 P 0
L 1.2599665 1.64 1.2699665 1.63 0 P 0
L 1.2599665 1.64 1.2699665 1.64 0 P 0
L 1.2699665 1.62 1.2799665 1.61 0 P 0
L 1.2699665 1.64 1.2799665 1.65 0 P 0
L 1.2791765 0.95063 1.2791765 0.97063 0 P 0
L 1.2791765 0.95063 1.2891765 0.95063 0 P 0
L 1.2791765 0.97063 1.2891765 0.97063 0 P 0
L 1.2791765 1.06087 1.2791765 1.08087 0 P 0
L 1.2791765 1.06087 1.2891765 1.06087 0 P 0
L 1.2791765 1.08087 1.2891765 1.08087 0 P 0
L 1.2791765 1.29709 1.2791765 1.31709 0 P 0
L 1.2791765 1.29709 1.2891765 1.29709 0 P 0
L 1.2791765 1.31709 1.2891765 1.31709 0 P 0
L 1.2791765 1.40732 1.2791765 1.42732 0 P 0
L 1.2791765 1.40732 1.2891765 1.40732 0 P 0
L 1.2791765 1.42732 1.2891765 1.42732 0 P 0
L 1.2799665 1.61 1.2899665 1.62 0 P 0
L 1.2799665 1.65 1.2899665 1.64 0 P 0
L 1.2891765 0.94063 1.2891765 0.95063 0 P 0
L 1.2891765 0.94063 1.3091765 0.94063 0 P 0
L 1.2891765 0.97063 1.2891765 0.98063 0 P 0
L 1.2891765 0.98063 1.3091765 0.98063 0 P 0
L 1.2891765 1.05087 1.2891765 1.06087 0 P 0
L 1.2891765 1.05087 1.3091765 1.05087 0 P 0
L 1.2891765 1.08087 1.2891765 1.09087 0 P 0
L 1.2891765 1.09087 1.3091765 1.09087 0 P 0
L 1.2891765 1.28709 1.2891765 1.29709 0 P 0
L 1.2891765 1.28709 1.3091765 1.28709 0 P 0
L 1.2891765 1.31709 1.2891765 1.32709 0 P 0
L 1.2891765 1.32709 1.3091765 1.32709 0 P 0
L 1.2891765 1.39732 1.2891765 1.40732 0 P 0
L 1.2891765 1.39732 1.3091765 1.39732 0 P 0
L 1.2891765 1.42732 1.2891765 1.43732 0 P 0
L 1.2891765 1.43732 1.3091765 1.43732 0 P 0
L 1.2899665 1.62 1.2999665 1.62 0 P 0
L 1.2899665 1.63 1.2999665 1.62 0 P 0
L 1.2899665 1.63 1.2999665 1.64 0 P 0
L 1.2899665 1.64 1.2999665 1.64 0 P 0
L 1.2909865 1.04118 1.2909865 1.06118 0 P 0
L 1.2909865 1.04118 1.3009865 1.04118 0 P 0
L 1.2909865 1.06118 1.3009865 1.06118 0 P 0
L 1.2909865 1.31677 1.2909865 1.33677 0 P 0
L 1.2909865 1.31677 1.3009865 1.31677 0 P 0
L 1.2909865 1.33677 1.3009865 1.33677 0 P 0
L 1.3009865 1.03118 1.3009865 1.04118 0 P 0
L 1.3009865 1.03118 1.3209865 1.03118 0 P 0
L 1.3009865 1.06118 1.3009865 1.07118 0 P 0
L 1.3009865 1.07118 1.3209865 1.07118 0 P 0
L 1.3009865 1.30677 1.3009865 1.31677 0 P 0
L 1.3009865 1.30677 1.3209865 1.30677 0 P 0
L 1.3009865 1.33677 1.3009865 1.34677 0 P 0
L 1.3009865 1.34677 1.3209865 1.34677 0 P 0
L 1.3027965 1.06087 1.3027965 1.08087 0 P 0
L 1.3027965 1.06087 1.3127965 1.06087 0 P 0
L 1.3027965 1.08087 1.3127965 1.08087 0 P 0
L 1.3027965 1.29709 1.3027965 1.31709 0 P 0
L 1.3027965 1.29709 1.3127965 1.29709 0 P 0
L 1.3027965 1.31709 1.3127965 1.31709 0 P 0
L 1.3091765 0.94063 1.3091765 0.95063 0 P 0
L 1.3091765 0.95063 1.3191765 0.95063 0 P 0
L 1.3091765 0.97063 1.3091765 0.98063 0 P 0
L 1.3091765 0.97063 1.3191765 0.97063 0 P 0
L 1.3091765 1.05087 1.3091765 1.06087 0 P 0
L 1.3091765 1.06087 1.3191765 1.06087 0 P 0
L 1.3091765 1.08087 1.3091765 1.09087 0 P 0
L 1.3091765 1.08087 1.3191765 1.08087 0 P 0
L 1.3091765 1.28709 1.3091765 1.29709 0 P 0
L 1.3091765 1.29709 1.3191765 1.29709 0 P 0
L 1.3091765 1.31709 1.3091765 1.32709 0 P 0
L 1.3091765 1.31709 1.3191765 1.31709 0 P 0
L 1.3091765 1.39732 1.3091765 1.40732 0 P 0
L 1.3091765 1.40732 1.3191765 1.40732 0 P 0
L 1.3091765 1.42732 1.3091765 1.43732 0 P 0
L 1.3091765 1.42732 1.3191765 1.42732 0 P 0
L 1.3106765 0.99575 1.3106765 1.00575 0 P 0
L 1.3106765 0.99575 1.3206765 0.99575 0 P 0
L 1.3106765 1.00575 1.3206765 1.01575 0 P 0
L 1.3106765 1.02575 1.3106765 1.03575 0 P 0
L 1.3106765 1.02575 1.3206765 1.01575 0 P 0
L 1.3106765 1.03575 1.3206765 1.03575 0 P 0
L 1.3106765 1.16898 1.3106765 1.17898 0 P 0
L 1.3106765 1.16898 1.3206765 1.16898 0 P 0
L 1.3106765 1.17898 1.3206765 1.18898 0 P 0
L 1.3106765 1.19898 1.3106765 1.20898 0 P 0
L 1.3106765 1.19898 1.3206765 1.18898 0 P 0
L 1.3106765 1.20898 1.3206765 1.20898 0 P 0
L 1.3106765 1.3422 1.3106765 1.3522 0 P 0
L 1.3106765 1.3422 1.3206765 1.3422 0 P 0
L 1.3106765 1.3522 1.3206765 1.3622 0 P 0
L 1.3106765 1.3722 1.3106765 1.3822 0 P 0
L 1.3106765 1.3722 1.3206765 1.3622 0 P 0
L 1.3106765 1.3822 1.3206765 1.3822 0 P 0
L 1.3127965 1.05087 1.3127965 1.06087 0 P 0
L 1.3127965 1.05087 1.3327965 1.05087 0 P 0
L 1.3127965 1.08087 1.3127965 1.09087 0 P 0
L 1.3127965 1.09087 1.3327965 1.09087 0 P 0
L 1.3127965 1.28709 1.3127965 1.29709 0 P 0
L 1.3127965 1.28709 1.3327965 1.28709 0 P 0
L 1.3127965 1.31709 1.3127965 1.32709 0 P 0
L 1.3127965 1.32709 1.3327965 1.32709 0 P 0
L 1.3185465 0.04299 1.3285465 0.06299 0 P 0
L 1.3185465 0.04299 1.3385465 0.05299 0 P 0
L 1.3185465 0.08299 1.3285465 0.06299 0 P 0
L 1.3185465 0.08299 1.3385465 0.07299 0 P 0
L 1.3185465 0.14299 1.3285465 0.16299 0 P 0
L 1.3185465 0.14299 1.3385465 0.15299 0 P 0
L 1.3185465 0.18299 1.3285465 0.16299 0 P 0
L 1.3185465 0.18299 1.3385465 0.17299 0 P 0
L 1.3185465 0.24299 1.3285465 0.26299 0 P 0
L 1.3185465 0.24299 1.3385465 0.25299 0 P 0
L 1.3185465 0.28299 1.3285465 0.26299 0 P 0
L 1.3185465 0.28299 1.3385465 0.27299 0 P 0
L 1.3185465 0.34299 1.3285465 0.36299 0 P 0
L 1.3185465 0.34299 1.3385465 0.35299 0 P 0
L 1.3185465 0.38299 1.3285465 0.36299 0 P 0
L 1.3185465 0.38299 1.3385465 0.37299 0 P 0
L 1.3185465 0.44299 1.3285465 0.46299 0 P 0
L 1.3185465 0.44299 1.3385465 0.45299 0 P 0
L 1.3185465 0.48299 1.3285465 0.46299 0 P 0
L 1.3185465 0.48299 1.3385465 0.47299 0 P 0
L 1.3185465 0.54299 1.3285465 0.56299 0 P 0
L 1.3185465 0.54299 1.3385465 0.55299 0 P 0
L 1.3185465 0.58299 1.3285465 0.56299 0 P 0
L 1.3185465 0.58299 1.3385465 0.57299 0 P 0
L 1.3185465 0.64299 1.3285465 0.66299 0 P 0
L 1.3185465 0.64299 1.3385465 0.65299 0 P 0
L 1.3185465 0.68299 1.3285465 0.66299 0 P 0
L 1.3185465 0.68299 1.3385465 0.67299 0 P 0
L 1.3185465 0.74299 1.3285465 0.76299 0 P 0
L 1.3185465 0.74299 1.3385465 0.75299 0 P 0
L 1.3185465 0.78299 1.3285465 0.76299 0 P 0
L 1.3185465 0.78299 1.3385465 0.77299 0 P 0
L 1.3191765 0.95063 1.3191765 0.97063 0 P 0
L 1.3191765 1.06087 1.3191765 1.08087 0 P 0
L 1.3191765 1.29709 1.3191765 1.31709 0 P 0
L 1.3191765 1.40732 1.3191765 1.42732 0 P 0
L 1.3206765 0.99575 1.3306765 1.00575 0 P 0
L 1.3206765 1.03575 1.3306765 1.02575 0 P 0
L 1.3206765 1.16898 1.3306765 1.17898 0 P 0
L 1.3206765 1.20898 1.3306765 1.19898 0 P 0
L 1.3206765 1.3422 1.3306765 1.3522 0 P 0
L 1.3206765 1.3822 1.3306765 1.3722 0 P 0
L 1.3209865 1.03118 1.3209865 1.04118 0 P 0
L 1.3209865 1.04118 1.3309865 1.04118 0 P 0
L 1.3209865 1.06118 1.3209865 1.07118 0 P 0
L 1.3209865 1.06118 1.3309865 1.06118 0 P 0
L 1.3209865 1.30677 1.3209865 1.31677 0 P 0
L 1.3209865 1.31677 1.3309865 1.31677 0 P 0
L 1.3209865 1.33677 1.3209865 1.34677 0 P 0
L 1.3209865 1.33677 1.3309865 1.33677 0 P 0
L 1.3306765 1.00575 1.3406765 0.99575 0 P 0
L 1.3306765 1.02575 1.3406765 1.03575 0 P 0
L 1.3306765 1.17898 1.3406765 1.16898 0 P 0
L 1.3306765 1.19898 1.3406765 1.20898 0 P 0
L 1.3306765 1.3522 1.3406765 1.3422 0 P 0
L 1.3306765 1.3722 1.3406765 1.3822 0 P 0
L 1.3309865 1.04118 1.3309865 1.06118 0 P 0
L 1.3309865 1.31677 1.3309865 1.33677 0 P 0
L 1.3327965 1.05087 1.3327965 1.06087 0 P 0
L 1.3327965 1.06087 1.3427965 1.06087 0 P 0
L 1.3327965 1.08087 1.3327965 1.09087 0 P 0
L 1.3327965 1.08087 1.3427965 1.08087 0 P 0
L 1.3327965 1.28709 1.3327965 1.29709 0 P 0
L 1.3327965 1.29709 1.3427965 1.29709 0 P 0
L 1.3327965 1.31709 1.3327965 1.32709 0 P 0
L 1.3327965 1.31709 1.3427965 1.31709 0 P 0
L 1.3385465 0.05299 1.3585465 0.04299 0 P 0
L 1.3385465 0.07299 1.3585465 0.08299 0 P 0
L 1.3385465 0.15299 1.3585465 0.14299 0 P 0
L 1.3385465 0.17299 1.3585465 0.18299 0 P 0
L 1.3385465 0.25299 1.3585465 0.24299 0 P 0
L 1.3385465 0.27299 1.3585465 0.28299 0 P 0
L 1.3385465 0.35299 1.3585465 0.34299 0 P 0
L 1.3385465 0.37299 1.3585465 0.38299 0 P 0
L 1.3385465 0.45299 1.3585465 0.44299 0 P 0
L 1.3385465 0.47299 1.3585465 0.48299 0 P 0
L 1.3385465 0.55299 1.3585465 0.54299 0 P 0
L 1.3385465 0.57299 1.3585465 0.58299 0 P 0
L 1.3385465 0.65299 1.3585465 0.64299 0 P 0
L 1.3385465 0.67299 1.3585465 0.68299 0 P 0
L 1.3385465 0.75299 1.3585465 0.74299 0 P 0
L 1.3385465 0.77299 1.3585465 0.78299 0 P 0
L 1.3406765 0.99575 1.3506765 0.99575 0 P 0
L 1.3406765 1.01575 1.3506765 1.00575 0 P 0
L 1.3406765 1.01575 1.3506765 1.02575 0 P 0
L 1.3406765 1.03575 1.3506765 1.03575 0 P 0
L 1.3406765 1.16898 1.3506765 1.16898 0 P 0
L 1.3406765 1.18898 1.3506765 1.17898 0 P 0
L 1.3406765 1.18898 1.3506765 1.19898 0 P 0
L 1.3406765 1.20898 1.3506765 1.20898 0 P 0
L 1.3406765 1.3422 1.3506765 1.3422 0 P 0
L 1.3406765 1.3622 1.3506765 1.3522 0 P 0
L 1.3406765 1.3622 1.3506765 1.3722 0 P 0
L 1.3406765 1.3822 1.3506765 1.3822 0 P 0
L 1.3427965 1.06087 1.3427965 1.08087 0 P 0
L 1.3427965 1.29709 1.3427965 1.31709 0 P 0
L 1.3485465 0.06299 1.3585465 0.04299 0 P 0
L 1.3485465 0.06299 1.3585465 0.08299 0 P 0
L 1.3485465 0.16299 1.3585465 0.14299 0 P 0
L 1.3485465 0.16299 1.3585465 0.18299 0 P 0
L 1.3485465 0.26299 1.3585465 0.24299 0 P 0
L 1.3485465 0.26299 1.3585465 0.28299 0 P 0
L 1.3485465 0.36299 1.3585465 0.34299 0 P 0
L 1.3485465 0.36299 1.3585465 0.38299 0 P 0
L 1.3485465 0.46299 1.3585465 0.44299 0 P 0
L 1.3485465 0.46299 1.3585465 0.48299 0 P 0
L 1.3485465 0.56299 1.3585465 0.54299 0 P 0
L 1.3485465 0.56299 1.3585465 0.58299 0 P 0
L 1.3485465 0.66299 1.3585465 0.64299 0 P 0
L 1.3485465 0.66299 1.3585465 0.68299 0 P 0
L 1.3485465 0.76299 1.3585465 0.74299 0 P 0
L 1.3485465 0.76299 1.3585465 0.78299 0 P 0
L 1.3506765 0.99575 1.3506765 1.00575 0 P 0
L 1.3506765 1.02575 1.3506765 1.03575 0 P 0
L 1.3506765 1.16898 1.3506765 1.17898 0 P 0
L 1.3506765 1.19898 1.3506765 1.20898 0 P 0
L 1.3506765 1.3422 1.3506765 1.3522 0 P 0
L 1.3506765 1.3722 1.3506765 1.3822 0 P 0
