#Layer_Physical_Order=6
#Layer_Color=16776960
#
#Feature symbol names
#
$0 r3
$1 r15
$2 r74
$3 r24
$4 r10
$5 r12
$6 r11

#
#Feature attribute names
#
@0 .geometry
@1 .pad_usage

#
#Feature attribute text strings
#
&0 Pad_Complex_X74.0000Y74.0000H40.0000C80.0000
&1 VIA_RoundD24.0000H12.0000C52.0000
&2 VIA_RoundD10.0000H4.0000C44.0000
&3 VIA_RoundD12.0000H6.0000C46.0000
&4 VIA_RoundD11.0000H5.0000C45.0000

#
#Layer features
#
L 0.0472441 1.1159911 0.0472441 1.2933071 0 P 0
L 0.0472441 1.1159911 0.0476778 1.1155574 0 P 0
L 0.0472441 1.2933071 0.0703717 1.3164347 0 P 0
L 0.0476778 1.1117644 0.0476778 1.1155574 0 P 0
L 0.0476778 1.1117644 0.0492085 1.1102337 0 P 0
L 0.0492126 1.0649606 0.1643701 1.0649606 0 P 0
L 0.0492126 1.0866142 0.0748031 1.1122047 0 P 0
L 0.06299 0.16299 0.1125984 0.2125984 0 P 0
L 0.0703717 1.3164347 0.1904505 1.3164347 0 P 0
L 0.0748031 1.1122047 0.0748031 1.176181 0 P 0
L 0.0748031 1.176181 0.1072835 1.2086614 0 P 0
L 0.1072835 1.2086614 0.1555118 1.2086614 0 P 0
L 0.1125984 0.2125984 0.1958662 0.2125984 0 P 0
L 0.1555118 1.2086614 0.169856 1.1943172 0 P 0
L 0.1566285 1.1842062 0.1566285 1.1928735 0 P 0
L 0.1566285 1.1842062 0.1784331 1.1624016 0 P 0
L 0.16299 0.26299 0.226378 0.326378 0 P 0
L 0.1643701 1.0649606 0.1868214 1.0874119 0 P 0
L 0.169856 1.1943172 0.2604072 1.1943172 0 P 0
L 0.1720832 1.2078132 0.1720832 1.2160972 0 P 0
L 0.1720832 1.2078132 0.1779408 1.2019556 0 P 0
L 0.1720832 1.2160972 0.1793168 1.2233308 0 P 0
L 0.1779408 1.2019556 0.2660891 1.2019556 0 P 0
L 0.1784331 1.1624016 0.2646693 1.1624016 0 P 0
L 0.1811 1.33071 0.1912296 1.3408396 0 P 0
L 0.1811024 1.2470472 0.181937 1.2470472 0 P 0
L 0.1811024 1.2824803 0.1899621 1.29134 0 P 0
L 0.1818189 1.1750292 0.2659158 1.1750292 0 P 0
L 0.181937 1.2470472 0.1868598 1.25197 0 P 0
L 0.1820828 1.2119552 0.1829662 1.2128386 0 P 0
L 0.1820866 1.2647638 0.1889763 1.2716535 0 P 0
L 0.1829662 1.2128386 0.2636913 1.2128386 0 P 0
L 0.1868214 1.0874119 0.4345056 1.0874119 0 P 0
L 0.1868598 1.25197 0.2332663 1.25197 0 P 0
L 0.1889763 1.2716535 0.2244094 1.2716535 0 P 0
L 0.1899621 1.29134 0.2372033 1.29134 0 P 0
L 0.1904505 1.3164347 0.2088554 1.3348396 0 P 0
L 0.1912296 1.3408396 0.3014754 1.3408396 0 P 0
L 0.1958662 0.2125984 0.226378 0.2431102 0 P 0
L 0.2088554 1.3348396 0.2960659 1.3348396 0 P 0
L 0.2244094 1.2716535 0.2714138 1.2246491 0 P 0
L 0.226378 0.2431102 0.226378 0.2874016 0 P 0
L 0.226378 0.2874016 0.3031496 0.3641732 0 P 0
L 0.226378 0.326378 0.226378 0.3533465 0 P 0
L 0.226378 0.3533465 0.2716535 0.398622 0 P 0
L 0.2332663 1.25197 0.2805119 1.2047244 0 P 0
L 0.2372033 1.29134 0.2958957 1.2326476 0 P 0
L 0.2604072 1.1943172 0.2913453 1.1633791 0 P 0
L 0.2636913 1.2128386 0.2778055 1.1987244 0 P 0
L 0.2646693 1.1624016 0.2805118 1.1465591 0 P 0
L 0.2659158 1.1750292 0.2873688 1.1535762 0 P 0
L 0.2660891 1.2019556 0.2950907 1.172954 0 P 0
L 0.2714138 1.2246491 0.6946291 1.2246491 0 P 0
L 0.2716535 0.398622 0.4616142 0.398622 0 P 0
L 0.27559 1.04724 0.2874051 1.0590551 0 P 0
L 0.2778055 1.1987244 0.7144744 1.1987244 0 P 0
L 0.2805118 1.1465591 0.4084646 1.1465591 0 P 0
L 0.2805119 1.2047244 0.7096457 1.2047244 0 P 0
L 0.2873688 1.1535762 0.566968 1.1535762 0 P 0
L 0.2874051 1.0590551 0.3484252 1.0590551 0 P 0
L 0.2913453 1.1633791 0.4744109 1.1633791 0 P 0
L 0.2924866 1.3217759 0.3316929 1.2825696 0 P 0
L 0.2950907 1.172954 0.7207342 1.172954 0 P 0
L 0.2958957 1.2326476 0.4940674 1.2326476 0 P 0
L 0.2960659 1.3348396 0.3420277 1.2888778 0 P 0
L 0.3014754 1.3408396 0.3303071 1.3120079 0 P 0
L 0.3031496 0.3641732 0.6427165 0.3641732 0 P 0
L 0.3090551 0.7942913 0.3090551 0.8188976 0 P 0
L 0.3090551 0.7942913 0.3228346 0.7805118 0 P 0
L 0.3090551 0.8188976 0.3290574 0.8388999 0 P 0
L 0.3129044 1.1356687 0.3130625 1.1358268 0 P 0
L 0.3130625 1.1358268 0.3411624 1.1358268 0 P 0
L 0.3135724 1.118798 0.349706 1.118798 0 P 0
L 0.3198819 0.7942913 0.3198819 0.8061024 0 P 0
L 0.3198819 0.7942913 0.3239866 0.7901866 0 P 0
L 0.3198819 0.8061024 0.3328967 0.8191172 0 P 0
L 0.3228346 0.7805118 0.3425197 0.7805118 0 P 0
L 0.3239866 0.7901866 0.3393992 0.7901866 0 P 0
L 0.3290574 0.8388999 0.3497267 0.8388999 0 P 0
L 0.3303071 1.3120079 0.4625729 1.3120079 0 P 0
L 0.3316929 1.2557627 0.3316929 1.2825696 0 P 0
L 0.3316929 1.2557627 0.3453296 1.242126 0 P 0
L 0.3328967 0.8191172 0.3388022 0.8191172 0 P 0
L 0.3356006 0.8014455 0.4240153 0.8898602 0 P 0
L 0.3388022 0.8191172 0.3395669 0.8198819 0 P 0
L 0.3393992 0.7901866 0.4331654 0.8839528 0 P 0
L 0.3411624 1.1358268 0.372775 1.1042142 0 P 0
L 0.3420277 1.2642716 0.3420277 1.2888778 0 P 0
L 0.3420277 1.2642716 0.3560779 1.2502214 0 P 0
L 0.3425197 0.7805118 0.4596457 0.8976378 0 P 0
L 0.3453296 1.242126 0.4467746 1.242126 0 P 0
L 0.3484252 1.0590551 0.3700787 1.0374016 0 P 0
L 0.349706 1.118798 0.3702898 1.0982142 0 P 0
L 0.3497267 0.8388999 0.3700787 0.8592519 0 P 0
L 0.3560779 1.2502214 0.3890009 1.2502214 0 P 0
L 0.359252 1.269685 0.3946851 1.3051181 0 P 0
L 0.3700787 0.8592519 0.3700787 1.0374016 0 P 0
L 0.37008 0.0541387 0.37008 0.1269697 1 P 0
L 0.37008 0.1269697 0.5521654 0.3090551 1 P 0
L 0.3702898 1.0982142 0.4338442 1.0982142 0 P 0
L 0.372775 1.1042142 0.431359 1.1042142 0 P 0
L 0.3752828 1.1871007 0.3834295 1.178954 0 P 0
L 0.3834295 1.178954 0.6080878 1.178954 0 P 0
L 0.3848425 0.4261811 0.402559 0.4084646 0 P 0
L 0.3890009 1.2502214 0.4261811 1.2874016 0 P 0
L 0.3946851 1.3051181 0.456573 1.3051181 0 P 0
L 0.402559 0.4084646 0.4614054 0.4084646 0 P 0
L 0.4084646 1.1465591 0.4253293 1.1296944 0 P 0
L 0.4114173 0.4251969 0.4221496 0.4144646 0 P 0
L 0.4221496 0.4144646 0.4589202 0.4144646 0 P 0
L 0.4240153 0.8898602 0.4240153 1.0627949 0 P 0
L 0.4240153 1.0627949 0.4576771 1.0964567 0 P 0
L 0.4253293 1.1151642 0.4253293 1.1296944 0 P 0
L 0.4261811 1.2874016 0.4645669 1.2874016 0 P 0
L 0.431359 1.1042142 0.4409449 1.1138001 0 P 0
L 0.4331654 0.8839528 0.4331654 1.0634598 0 P 0
L 0.4331654 1.0634598 0.4468207 1.0771151 0 P 0
L 0.4338442 1.0982142 0.4576772 1.1220472 0 P 0
L 0.4345056 1.0874119 0.4495504 1.1024567 0 P 0
L 0.4409449 1.1138001 0.4409449 1.128937 0 P 0
L 0.4409449 1.128937 0.4595841 1.1475762 0 P 0
L 0.4467746 1.242126 0.4598157 1.2551671 0 P 0
L 0.4468207 1.0771151 0.5397135 1.0771151 0 P 0
L 0.4495504 1.1024567 0.5158485 1.1024567 0 P 0
L 0.456573 1.3051181 0.484252 1.2774391 0 P 0
L 0.4576771 1.0964567 0.5232835 1.0964567 0 P 0
L 0.4576772 1.1220472 0.484259 1.1220472 0 P 0
L 0.4589202 0.4144646 0.5067953 0.4623397 0 P 0
L 0.4595841 1.1475762 0.5099041 1.1475762 0 P 0
L 0.4596457 0.8976378 0.4596457 1.0669291 0 P 0
L 0.4596457 1.0669291 0.4634653 1.0707487 0 P 0
L 0.4598157 1.2551671 0.5873429 1.2551671 0 P 0
L 0.4614054 0.4084646 0.5127953 0.4598545 0 P 0
L 0.4616142 0.398622 0.484252 0.4212598 0 P 0
L 0.4625729 1.3120079 0.4911417 1.2834391 0 P 0
L 0.4634653 1.0707487 0.5454887 1.0707487 0 P 0
L 0.4645669 1.2874016 0.4862294 1.2657391 0 P 0
L 0.4744109 1.0610209 0.4872035 1.0482283 0 P 0
L 0.4753937 0.3917323 0.4921671 0.3749589 0 P 0
L 0.484252 0.4212598 0.5025798 0.4212598 0 P 0
L 0.484252 1.2774391 0.6595688 1.2774391 0 P 0
L 0.484259 1.1220472 0.5000009 1.1377891 0 P 0
L 0.4862294 1.2657391 0.5255909 1.2657391 0 P 0
L 0.4872035 1.0482283 0.5262285 1.0482283 0 P 0
L 0.4891732 0.4094488 0.5059056 0.4094488 0 P 0
L 0.4911417 1.2834391 0.6899772 1.2834391 0 P 0
L 0.4921671 0.3749589 0.6205701 0.3749589 0 P 0
L 0.4927299 1.3019345 0.4927299 1.5040887 0 P 0
L 0.4927299 1.3019345 0.5000009 1.2946635 0 P 0
L 0.4927299 1.5040887 0.5182632 1.529622 0 P 0
L 0.4940674 1.2326476 0.4960659 1.2306491 0 P 0
L 0.4960659 1.2306491 0.6326516 1.2306491 0 P 0
L 0.4987299 1.3280418 0.4987299 1.5016035 0 P 0
L 0.4987299 1.3280418 0.5127953 1.3139764 0 P 0
L 0.4987299 1.5016035 0.5207484 1.523622 0 P 0
L 0.5025798 0.4212598 0.5302792 0.3935604 0 P 0
L 0.503937 0.3937008 0.5160774 0.3815604 0 P 0
L 0.5056196 1.3378844 0.5056196 1.500008 0 P 0
L 0.5056196 1.3378844 0.5295276 1.3139764 0 P 0
L 0.5056196 1.500008 0.5232336 1.517622 0 P 0
L 0.5059056 0.4094488 0.527794 0.3875604 0 P 0
L 0.5067953 0.4623397 0.5067953 0.5202018 0 P 0
L 0.5067953 0.5202018 0.5254961 0.5389026 0 P 0
L 0.5099041 1.1475762 0.5189236 1.1385567 0 P 0
L 0.5116196 1.3553301 0.5116196 1.4975228 0 P 0
L 0.5116196 1.3553301 0.5511811 1.3157686 0 P 0
L 0.5116196 1.4975228 0.5257188 1.511622 0 P 0
L 0.5127953 0.4598545 0.5127953 0.5177166 0 P 0
L 0.5127953 0.5177166 0.5314961 0.5364174 0 P 0
L 0.5158485 1.1024567 0.5511809 1.1377891 0 P 0
L 0.5160774 0.3815604 0.6186864 0.3815604 0 P 0
L 0.5176196 1.3658799 0.5176196 1.4950376 0 P 0
L 0.5176196 1.3658799 0.5693146 1.3141849 0 P 0
L 0.5176196 1.4950376 0.528204 1.505622 0 P 0
L 0.5182632 1.529622 0.6723385 1.529622 0 P 0
L 0.5189236 1.1385567 0.5248233 1.1385567 0 P 0
L 0.5207484 1.523622 0.6082678 1.523622 0 P 0
L 0.5232336 1.517622 0.6057826 1.517622 0 P 0
L 0.5232835 1.0964567 0.5669291 1.1401023 0 P 0
L 0.5248233 1.1385567 0.5255909 1.1377891 0 P 0
L 0.5254961 0.5389026 0.5254961 0.9168553 0 P 0
L 0.5254961 0.9168553 0.5353386 0.9266978 0 P 0
L 0.5255909 1.0610209 0.5413386 1.0452732 0 P 0
L 0.5257188 1.511622 0.6032974 1.511622 0 P 0
L 0.5262285 1.0482283 0.5353386 1.0391182 0 P 0
L 0.527794 0.3875604 0.6162012 0.3875604 0 P 0
L 0.528204 1.505622 0.6008122 1.505622 0 P 0
L 0.5302792 0.3935604 0.613716 0.3935604 0 P 0
L 0.5314961 0.5364174 0.5314961 0.9143701 0 P 0
L 0.5314961 0.9143701 0.5413386 0.9242126 0 P 0
L 0.5335185 1.4940007 0.5345426 1.4940007 0 P 0
L 0.5345426 1.4940007 0.5462598 1.4822835 0 P 0
L 0.5353386 0.9266978 0.5353386 1.0391182 0 P 0
L 0.5397135 1.0771151 0.5416809 1.0790825 0 P 0
L 0.5413386 0.9242126 0.5413386 1.0452732 0 P 0
L 0.5416809 1.0790825 0.5416809 1.0908935 0 P 0
L 0.5416809 1.0908935 0.5492126 1.0984252 0 P 0
L 0.5433071 0.8858268 0.5433071 0.9035433 0 P 0
L 0.5433071 0.8858268 0.5561024 0.8730315 0 P 0
L 0.5433071 0.9035433 0.5531496 0.9133858 0 P 0
L 0.5454887 1.0707487 0.5495431 1.0748031 0 P 0
L 0.5462598 1.4295502 0.5462598 1.4822835 0 P 0
L 0.5462598 1.4295502 0.6778508 1.2979592 0 P 0
L 0.5492126 1.0984252 0.6072835 1.0984252 0 P 0
L 0.5495431 1.0748031 0.7436117 1.0748031 0 P 0
L 0.5511811 1.3149606 0.5511811 1.3157686 0 P 0
L 0.5521654 0.3090551 0.8198819 0.3090551 1 P 0
L 0.5528593 1.4392667 0.5528593 1.4936582 0 P 0
L 0.5528593 1.4392667 0.6909449 1.3011811 0 P 0
L 0.5531496 0.9133858 0.5531496 0.9655512 0 P 0
L 0.5531496 0.9655512 0.5639764 0.976378 0 P 0
L 0.5561024 0.6978346 0.5561024 0.8730315 0 P 0
L 0.5561024 0.6978346 0.6060082 0.6479288 0 P 0
L 0.5639764 0.976378 0.5639764 0.9970464 0 P 0
L 0.5639764 0.9970464 0.5767709 1.0098409 0 P 0
L 0.5669291 1.1401023 0.5669291 1.1437008 0 P 0
L 0.5669291 1.1437008 0.5748031 1.1515748 0 P 0
L 0.566968 1.1535762 0.5767709 1.1633791 0 P 0
L 0.5718504 1.4291339 0.5718504 1.4940945 0 P 0
L 0.5718504 1.4291339 0.7037402 1.2972441 0 P 0
L 0.5748031 0.7036427 0.5748031 0.9222441 0 P 0
L 0.5748031 0.7036427 0.6067964 0.6716494 0 P 0
L 0.5748031 0.9222441 0.5767593 0.9242003 0 P 0
L 0.5748031 0.9429011 0.5748031 0.9704724 0 P 0
L 0.5748031 0.9429011 0.5767593 0.9409449 0 P 0
L 0.5748031 0.9704724 0.5767709 0.9724402 0 P 0
L 0.5748031 1.1515748 0.6397638 1.1515748 0 P 0
L 0.5767593 0.9242003 0.5767593 0.9409449 0 P 0
L 0.5767709 0.9724402 0.5767709 0.9842509 0 P 0
L 0.5856299 1.4409449 0.6751969 1.4409449 0 P 0
L 0.5873429 1.2551671 0.6023609 1.2401491 0 P 0
L 0.5974409 0.894685 0.6082677 0.8838582 0 P 0
L 0.6008122 1.505622 0.607289 1.4991452 0 P 0
L 0.6023609 0.9842509 0.6161417 0.9704701 0 P 0
L 0.6032974 1.511622 0.613289 1.5016304 0 P 0
L 0.6057826 1.517622 0.619289 1.5041156 0 P 0
L 0.6060082 0.6397546 0.6060082 0.6479288 0 P 0
L 0.6072835 1.0984252 0.6397638 1.1309055 0 P 0
L 0.607289 1.4682603 0.607289 1.4991452 0 P 0
L 0.607289 1.4682603 0.6229824 1.4525669 0 P 0
L 0.6080878 1.178954 0.6181029 1.1889691 0 P 0
L 0.6082677 0.6884932 0.6082677 0.8838582 0 P 0
L 0.6082677 0.6884932 0.6181102 0.6786507 0 P 0
L 0.6082678 1.523622 0.6303101 1.5015797 0 P 0
L 0.613289 1.4707455 0.613289 1.5016304 0 P 0
L 0.613289 1.4707455 0.6254676 1.4585669 0 P 0
L 0.613716 0.3935604 0.6396359 0.4194803 0 P 0
L 0.6161417 0.6910266 0.6161417 0.9704701 0 P 0
L 0.6161417 0.6910266 0.6253629 0.6818054 0 P 0
L 0.6162012 0.3875604 0.6421211 0.4134803 0 P 0
L 0.6181029 1.1889691 0.6279509 1.1889691 0 P 0
L 0.6181102 0.6692914 0.6181102 0.6786507 0 P 0
L 0.6181102 0.6692914 0.6348425 0.6525591 0 P 0
L 0.6186864 0.3815604 0.6446063 0.4074803 0 P 0
L 0.619289 1.4903784 0.619289 1.5041156 0 P 0
L 0.619289 1.4903784 0.6303101 1.4793573 0 P 0
L 0.6205701 0.3749589 0.6470915 0.4014803 0 P 0
L 0.6229824 1.4525669 0.6688113 1.4525669 0 P 0
L 0.6253629 0.6728655 0.6253629 0.6818054 0 P 0
L 0.6253629 0.6728655 0.6540861 0.6441423 0 P 0
L 0.6254676 1.4585669 0.6663261 1.4585669 0 P 0
L 0.6259843 0.7076771 0.6259843 0.9035434 0 P 0
L 0.6259843 0.7076771 0.7047244 0.628937 0 P 0
L 0.6259843 0.9035434 0.6397638 0.9173229 0 P 0
L 0.6279509 1.0098409 0.6397638 0.998028 0 P 0
L 0.6303101 1.4966584 0.6303101 1.5015797 0 P 0
L 0.6303101 1.4966584 0.6466485 1.48032 0 P 0
L 0.6326516 1.2306491 0.6421516 1.2401491 0 P 0
L 0.6348425 0.6466536 0.6348425 0.6525591 0 P 0
L 0.6348425 0.6466536 0.6505906 0.6309055 0 P 0
L 0.6396359 0.4194803 0.750189 0.4194803 0 P 0
L 0.6397638 0.9173229 0.6397638 0.998028 0 P 0
L 0.6397638 1.1309055 0.6397638 1.1397638 0 P 0
L 0.6397638 1.1397638 0.6505906 1.1505906 0 P 0
L 0.6397638 1.1515748 0.6515681 1.1633791 0 P 0
L 0.6421211 0.4134803 0.7573573 0.4134803 0 P 0
L 0.6421516 1.2401491 0.6791391 1.2401491 0 P 0
L 0.6427165 0.3641732 0.6673228 0.3887795 0 P 0
L 0.6446063 0.4074803 0.7598425 0.4074803 0 P 0
L 0.6466485 1.48032 0.67323 1.48032 0 P 0
L 0.6470915 0.4014803 0.7623277 0.4014803 0 P 0
L 0.6505906 0.6309055 0.6653543 0.6309055 0 P 0
L 0.6505906 1.1505906 0.734252 1.1505906 0 P 0
L 0.6515681 1.1633791 0.6791391 1.1633791 0 P 0
L 0.6535509 0.9330709 0.6683147 0.9183071 0 P 0
L 0.6595688 1.2774391 0.6712688 1.2657391 0 P 0
L 0.6653543 0.6309055 0.6919291 0.6043307 0 P 0
L 0.6663261 1.4585669 0.68373 1.4759708 0 P 0
L 0.6673228 0.3887795 0.7963287 0.3887795 0 P 0
L 0.6683147 0.9183071 0.7100187 0.9183071 0 P 0
L 0.6688113 1.4525669 0.6909449 1.4747005 0 P 0
L 0.6712688 1.2657391 0.6791391 1.2657391 0 P 0
L 0.6723385 1.529622 0.7194882 1.5767717 0 P 0
L 0.6751969 1.4409449 0.7037402 1.4694882 0 P 0
L 0.6778508 1.2973903 0.6778508 1.2979592 0 P 0
L 0.6791409 0.9074809 0.7372124 0.8494094 0 P 0
L 0.6791409 0.9330709 0.6807645 0.9330709 0 P 0
L 0.6791409 0.9842509 0.6919351 0.9714567 0 P 0
L 0.6807645 0.9330709 0.6830698 0.9353762 0 P 0
L 0.6830698 0.9353762 0.6843919 0.9353762 0 P 0
L 0.68373 1.4759708 0.68373 1.5321552 0 P 0
L 0.68373 1.5321552 0.7303969 1.5788221 0 P 0
L 0.6843919 0.9353762 0.6920851 0.9430694 0 P 0
L 0.6899772 1.2834391 0.7175197 1.2558966 0 P 0
L 0.6909449 1.2909566 0.6909449 1.3011811 0 P 0
L 0.6909449 1.2909566 0.7289635 1.252938 0 P 0
L 0.6909449 1.4747005 0.6909449 1.5308849 0 P 0
L 0.6909449 1.5308849 0.7493751 1.5893151 0 P 0
L 0.6919351 0.9580099 0.6919351 0.9714567 0 P 0
L 0.6919351 0.9580099 0.7007841 0.9491609 0 P 0
L 0.6920851 0.9430694 0.7102661 0.9430694 0 P 0
L 0.6946291 1.2246491 0.7047191 1.2145591 0 P 0
L 0.7007841 0.9491609 0.7010841 0.9491609 0 P 0
L 0.7010841 0.9491609 0.7011756 0.9490694 0 P 0
L 0.7011756 0.9490694 0.7127513 0.9490694 0 P 0
L 0.7037402 1.4694882 0.8238189 1.4694882 0 P 0
L 0.7047191 0.9586609 0.706385 0.9586609 0 P 0
L 0.7047244 0.5757874 0.7047244 0.628937 0 P 0
L 0.7047309 0.9074809 0.7538474 0.8583644 0 P 0
L 0.706385 0.9586609 0.7099765 0.9550694 0 P 0
L 0.7096457 1.2047244 0.7175197 1.2125984 0 P 0
L 0.7099765 0.9550694 0.7171747 0.9550694 0 P 0
L 0.7100187 0.9183071 0.7639614 0.8643644 0 P 0
L 0.7102661 0.9430694 0.7175197 0.9358158 0 P 0
L 0.7127513 0.9490694 0.7190338 0.9427869 0 P 0
L 0.7144744 1.1987244 0.7303091 1.2145591 0 P 0
L 0.7171747 0.9550694 0.7194882 0.9527559 0 P 0
L 0.7175197 0.9192913 0.7175197 0.9358158 0 P 0
L 0.7175197 0.9192913 0.7509842 0.8858268 0 P 0
L 0.7175197 1.2125984 0.7175197 1.2194882 0 P 0
L 0.7175197 1.2194882 0.7224409 1.2244094 0 P 0
L 0.7175197 1.2372047 0.7175197 1.2558966 0 P 0
L 0.7175197 1.2372047 0.7216261 1.2330983 0 P 0
L 0.7190338 0.9427869 0.7344835 0.9427869 0 P 0
L 0.7194882 0.9508177 0.7194882 0.9527559 0 P 0
L 0.7194882 0.9508177 0.721519 0.9487869 0 P 0
L 0.7194882 1.5767717 0.7194882 1.6397638 0 P 0
L 0.7194882 1.6397638 0.7253937 1.6456693 0 P 0
L 0.7207342 1.172954 0.7303091 1.1633791 0 P 0
L 0.721519 0.9487869 0.7628273 0.9487869 0 P 0
L 0.7216261 1.2330983 0.7445583 1.2330983 0 P 0
L 0.7224409 1.2244094 0.7372047 1.2244094 0 P 0
L 0.7253937 1.6456693 0.7593346 1.6456693 0 P 0
L 0.7289635 1.252938 0.7431102 1.252938 0 P 0
L 0.7303091 1.0610209 0.7381804 1.0531496 0 P 0
L 0.7303969 1.5788221 0.7303969 1.6355039 0 P 0
L 0.734252 1.1505906 0.7411417 1.1574803 0 P 0
L 0.7344835 0.9427869 0.742126 0.9351444 0 P 0
L 0.7372047 1.2244094 0.747055 1.2145591 0 P 0
L 0.7372124 0.8494094 0.7952756 0.8494094 0 P 0
L 0.7381804 1.0531496 0.7568898 1.0531496 0 P 0
L 0.7411417 1.1574803 0.7411417 1.1919291 0 P 0
L 0.7411417 1.1919291 0.7490157 1.1998031 0 P 0
L 0.742126 0.9031702 0.742126 0.9351444 0 P 0
L 0.742126 0.9031702 0.7534694 0.8918268 0 P 0
L 0.7431102 1.252938 0.7558991 1.2401491 0 P 0
L 0.7436117 1.0748031 0.753742 1.0646728 0 P 0
L 0.7445583 1.2330983 0.7483259 1.2293307 0 P 0
L 0.7450787 1.0059055 0.7450787 1.03937 0 P 0
L 0.7450787 1.0059055 0.7568897 0.9940945 0 P 0
L 0.7450787 1.03937 0.7519685 1.0462598 0 P 0
L 0.747055 1.2145591 0.7558991 1.2145591 0 P 0
L 0.7483259 1.2293307 0.7706707 1.2293307 0 P 0
L 0.7490157 1.1998031 0.7706551 1.1998031 0 P 0
L 0.7493751 1.5893151 0.7493751 1.6353768 0 P 0
L 0.750189 0.4194803 0.7588583 0.4281496 0 P 0
L 0.7509842 0.8858268 0.7992126 0.8858268 0 P 0
L 0.7519685 1.0462598 0.766728 1.0462598 0 P 0
L 0.7534694 0.8918268 0.8025118 0.8918268 0 P 0
L 0.753742 1.0646012 0.753742 1.0646728 0 P 0
L 0.7538474 0.8583644 0.7955129 0.8583644 0 P 0
L 0.7558991 1.0098409 0.7655627 1.0001773 0 P 0
L 0.7558991 1.0354309 0.7653991 1.0259309 0 P 0
L 0.7558991 1.1889691 0.7686871 1.1761811 0 P 0
L 0.7568897 0.9940945 0.8887796 0.9940945 0 P 0
L 0.7568898 1.0531496 0.7765748 1.0728346 0 P 0
L 0.7573573 0.4134803 0.7970828 0.4532058 0 P 0
L 0.7588583 0.4281496 0.7588583 0.4458661 0 P 0
L 0.7588583 0.4458661 0.772198 0.4592058 0 P 0
L 0.7593346 1.6456693 0.7694997 1.6355042 0 P 0
L 0.7598425 0.4074803 0.7989653 0.4466031 0 P 0
L 0.7623277 0.4014803 0.8014505 0.4406031 0 P 0
L 0.7628273 0.9487869 0.7913386 0.9202756 0 P 0
L 0.7639614 0.8643644 0.7979981 0.8643644 0 P 0
L 0.7653991 1.0259309 1.1237449 1.0259309 0 P 0
L 0.7655627 1.0001773 0.9565157 1.0001773 0 P 0
L 0.766728 1.0462598 0.7814891 1.0610209 0 P 0
L 0.7686871 1.1761811 0.847441 1.1761811 0 P 0
L 0.7687008 0.9537401 0.7687008 0.9714626 0 P 0
L 0.7687008 0.9537401 0.7795351 0.9429058 0 P 0
L 0.7687008 0.9714626 0.7814891 0.9842509 0 P 0
L 0.7706551 1.1998031 0.7814891 1.1889691 0 P 0
L 0.7706707 1.2293307 0.7814891 1.2401491 0 P 0
L 0.772198 0.4592058 0.8410955 0.4592058 0 P 0
L 0.7765748 1.0728346 0.9901575 1.0728346 0 P 0
L 0.7795351 0.9429058 0.8375984 0.9429058 0 P 0
L 0.7814891 1.0098409 0.7914062 1.019758 0 P 0
L 0.7814891 1.0354309 0.7916217 1.0354309 0 P 0
L 0.7814891 1.2145591 0.7942765 1.2017717 0 P 0
L 0.7873637 0.9591048 0.7883658 0.9601069 0 P 0
L 0.7883658 0.9601069 0.7883658 0.9655376 0 P 0
L 0.7883658 0.9655376 0.7913321 0.9685039 0 P 0
L 0.7913321 0.9685039 1.1505905 0.9685039 0 P 0
L 0.7913386 0.9202756 0.8077194 0.9202756 0 P 0
L 0.7914062 1.019758 1.1260572 1.019758 0 P 0
L 0.7916217 1.0354309 0.8024506 1.0462598 0 P 0
L 0.7942765 1.2017717 0.8188976 1.2017717 0 P 0
L 0.7952756 0.8494094 0.8956692 0.7490158 0 P 0
L 0.7955129 0.8583644 0.8979718 0.7559055 0 P 0
L 0.7963287 0.3887795 0.8396358 0.4320866 0 P 0
L 0.7970828 0.4532058 1.0155876 0.4532058 0 P 0
L 0.7979981 0.8643644 0.899957 0.7624055 0 P 0
L 0.7989653 0.4466031 1.0174701 0.4466031 0 P 0
L 0.7992126 0.8858268 0.8958894 0.78915 0 P 0
L 0.8014505 0.4406031 1.005263 0.4406031 0 P 0
L 0.8024506 1.0462598 0.8129643 1.0462598 0 P 0
L 0.8025118 0.8918268 0.8508347 0.8435039 0 P 0
L 0.8070791 0.9586609 0.8083399 0.9574001 0 P 0
L 0.8077194 0.9202756 0.8188976 0.9090974 0 P 0
L 0.8083399 0.9524868 0.8083399 0.9574001 0 P 0
L 0.8083399 0.9524868 0.8119209 0.9489058 0 P 0
L 0.8119209 0.9489058 0.8405512 0.9489058 0 P 0
L 0.8129643 1.0462598 0.8237926 1.0354315 0 P 0
L 0.8188976 0.8868111 0.8188976 0.9090974 0 P 0
L 0.8188976 0.8868111 0.8553149 0.8503938 0 P 0
L 0.8188976 1.2017717 0.8326771 1.2155512 0 P 0
L 0.8237926 1.0354315 0.9537118 1.0354315 0 P 0
L 0.8238189 1.4694882 0.8248031 1.4704724 0 P 0
L 0.8326691 0.9330709 0.8401966 0.9255434 0 P 0
L 0.8326771 1.2155512 1.2340897 1.2155512 0 P 0
L 0.8375984 0.9429058 0.8484176 0.9320866 0 P 0
L 0.8396358 0.4320866 0.9753937 0.4320866 0 P 0
L 0.8401966 0.9255434 1.0377481 0.9255434 0 P 0
L 0.8405512 0.9484382 0.8405512 0.9489058 0 P 0
L 0.8405512 0.9484382 0.8509028 0.9380866 0 P 0
L 0.8410955 0.4592058 0.8467457 0.464856 0 P 0
L 0.8467457 0.464856 0.8656487 0.464856 0 P 0
L 0.847441 1.1761811 0.8651575 1.1938976 0 P 0
L 0.8484176 0.9320866 0.9940945 0.9320866 0 P 0
L 0.8508347 0.8435039 0.875 0.8435039 0 P 0
L 0.8509028 0.9380866 0.9813937 0.9380866 0 P 0
L 0.8553149 0.8503938 0.878937 0.8503938 0 P 0
L 0.8651575 1.1938976 0.9704725 1.1938976 0 P 0
L 0.8656487 0.464856 0.8669603 0.4635444 0 P 0
L 0.8690945 0.6712598 0.9566929 0.6712598 0 P 0
L 0.875 0.8435039 0.9005905 0.8179134 0 P 0
L 0.878937 0.8503938 0.9035434 0.8257874 0 P 0
L 0.8887796 0.9940945 0.9005906 0.9822835 0 P 0
L 0.8956692 0.7490158 1.0442913 0.7490158 0 P 0
L 0.8958894 0.78915 0.9926311 0.78915 0 P 0
L 0.8979718 0.7559055 1.0265748 0.7559055 0 P 0
L 0.899957 0.7624055 0.9738451 0.7624055 0 P 0
L 0.9005905 0.8179134 0.9822835 0.8179134 0 P 0
L 0.9035434 0.8257874 0.9838181 0.8257874 0 P 0
L 0.9537118 1.0354315 0.9537124 1.0354309 0 P 0
L 0.9565157 1.0001773 0.976378 0.980315 0 P 0
L 0.9704725 1.1938976 0.9832677 1.1811024 0 P 0
L 0.9738451 0.7624055 0.9867998 0.7753602 0 P 0
L 0.9753937 0.4320866 0.9990157 0.4084646 0 P 0
L 0.976378 0.980315 1.0944882 0.980315 0 P 0
L 0.9813937 0.9380866 0.9990158 0.9557087 0 P 0
L 0.9822835 0.8179134 1.0255906 0.7746063 0 P 0
L 0.9832677 1.1811024 1.023622 1.1811024 0 P 0
L 0.9838181 0.8257874 1.0231882 0.7864173 0 P 0
L 0.9926311 0.78915 1.006949 0.7748321 0 P 0
L 0.9940945 0.9320866 1.0068898 0.9448819 0 P 0
L 0.9990157 0.4084646 1.0964568 0.4084646 0 P 0
L 0.9990158 0.9557087 1.0679133 0.9557087 0 P 0
L 1.005263 0.4406031 1.0226378 0.4232283 0 P 0
L 1.0155876 0.4532058 1.0186896 0.4563078 0 P 0
L 1.0174701 0.4466031 1.0211748 0.4503078 0 P 0
L 1.0186896 0.4563078 1.0594723 0.4563078 0 P 0
L 1.0211748 0.4503078 1.0569872 0.4503078 0 P 0
L 1.0226378 0.4232283 1.0956616 0.4232283 0 P 0
L 1.0231882 0.7864173 1.1032227 0.7864173 0 P 0
L 1.023622 1.1811024 1.0364173 1.1683071 0 P 0
L 1.0265748 0.7559055 1.0452756 0.7746063 0 P 0
L 1.0377481 0.9255434 1.0570866 0.9448819 0 P 0
L 1.0442913 0.7490158 1.0649606 0.7696851 0 P 0
L 1.0569872 0.4503078 1.0606919 0.4466031 0 P 0
L 1.0594723 0.4563078 1.0630821 0.452698 0 P 0
L 1.0606919 0.4466031 1.1105512 0.4466031 0 P 0
L 1.0623346 1.1860699 1.0623346 1.1994513 0 P 0
L 1.0623346 1.1860699 1.1008612 1.1475433 0 P 0
L 1.0623346 1.1994513 1.068592 1.2057087 0 P 0
L 1.0630821 0.452698 1.1003358 0.452698 0 P 0
L 1.0649606 0.7696851 1.0649606 0.7746063 0 P 0
L 1.0679133 0.9557087 1.0954724 0.9281496 0 P 0
L 1.068592 1.2057087 1.2224473 1.2057087 0 P 0
L 1.0728346 1.1840551 1.0728346 1.1929134 0 P 0
L 1.0728346 1.1840551 1.1033464 1.1535433 0 P 0
L 1.0944882 0.980315 1.1082677 0.9940945 0 P 0
L 1.0954724 0.9281496 1.1614173 0.9281496 0 P 0
L 1.0956616 0.4232283 1.1555118 0.4830785 0 P 0
L 1.0964568 0.4084646 1.1368122 0.44882 0 P 0
L 1.1003358 0.452698 1.1122047 0.4645669 0 P 0
L 1.1008612 1.1475433 1.1225148 1.1475433 0 P 0
L 1.1032227 0.7864173 1.11024 0.7794 0 P 0
L 1.1033464 1.1535433 1.125 1.1535433 0 P 0
L 1.1083548 1.1703519 1.1514985 1.1703519 0 P 0
L 1.1105512 0.4466031 1.1243019 0.4603538 0 P 0
L 1.1122047 0.4645669 1.1122047 0.5019685 0 P 0
L 1.1122047 0.5019685 1.1181102 0.507874 0 P 0
L 1.1181102 0.507874 1.1427165 0.507874 0 P 0
L 1.1225148 1.1475433 1.126874 1.1431841 0 P 0
L 1.1237449 1.0259309 1.126874 1.02906 0 P 0
L 1.1243019 0.4603538 1.1243019 0.4932739 0 P 0
L 1.125 1.1535433 1.132874 1.1456693 0 P 0
L 1.1260572 1.019758 1.132874 1.0265748 0 P 0
L 1.126874 1.02906 1.126874 1.1431841 0 P 0
L 1.1269738 0.5372877 1.1286958 0.5355657 0 P 0
L 1.1286958 0.5355657 1.1327414 0.5355657 0 P 0
L 1.1327414 0.5355657 1.1555118 0.5127953 0 P 0
L 1.132874 1.0265748 1.132874 1.1456693 0 P 0
L 1.1368122 0.44882 1.23622 0.44882 0 P 0
L 1.1505905 0.9685039 1.1673228 0.9852362 0 P 0
L 1.1514985 1.1703519 1.1673228 1.1545276 0 P 0
L 1.1555118 0.4830785 1.1555118 0.5127953 0 P 0
L 1.1614173 0.9281496 1.1771654 0.9438977 0 P 0
L 1.1673228 0.9852362 1.1673228 1.1545276 0 P 0
L 1.1698952 1.1757332 1.1771654 1.168463 0 P 0
L 1.1771654 0.9438977 1.1771654 1.168463 0 P 0
L 1.2224473 1.2057087 1.2271469 1.2010091 0 P 0
L 1.2271469 1.2010091 1.2277047 1.2010091 0 P 0
P 0.06299 0.16299 2 P 0 0 ;0=0,1=0
P 0.16299 0.26299 2 P 0 0 ;0=0,1=0
P 0.0492085 1.1102337 6 P 0 0 ;0=4,1=1
P 0.0492126 1.0649606 5 P 0 0 ;0=3,1=1
P 0.0492126 1.0866142 5 P 0 0 ;0=3,1=1
P 0.1566285 1.1928735 6 P 0 0 ;0=4,1=1
P 0.1811 1.33071 6 P 0 0 ;0=4,1=1
P 0.1811024 1.2470472 6 P 0 0 ;0=4,1=1
P 0.1811024 1.2824803 6 P 0 0 ;0=4,1=1
P 0.1818189 1.1750292 6 P 0 0 ;0=4,1=1
P 0.1820002 1.2287895 6 P 0 0 ;0=4,1=1
P 0.1820828 1.2119552 6 P 0 0 ;0=4,1=1
P 0.1820866 1.2647638 6 P 0 0 ;0=4,1=1
P 0.27559 1.04724 6 P 0 0 ;0=4,1=1
P 0.2924866 1.3217759 6 P 0 0 ;0=4,1=1
P 0.3129044 1.1356687 5 P 0 0 ;0=3,1=1
P 0.3135724 1.118798 5 P 0 0 ;0=3,1=1
P 0.3356006 0.8019841 4 P 0 0 ;0=2,1=1
P 0.3395669 0.8198819 4 P 0 0 ;0=2,1=1
P 0.359252 1.269685 5 P 0 0 ;0=3,1=1
P 0.37008 0.0541387 3 P 0 0 ;0=1,1=1
P 0.3752828 1.1871007 5 P 0 0 ;0=3,1=1
P 0.3848425 0.4261811 6 P 0 0 ;0=4,1=1
P 0.4114173 0.4251969 6 P 0 0 ;0=4,1=1
P 0.4253293 1.1151642 5 P 0 0 ;0=3,1=1
P 0.4744109 1.0610209 4 P 0 0 ;0=2,1=1
P 0.4744109 1.1633791 4 P 0 0 ;0=2,1=1
P 0.4753937 0.3917323 5 P 0 0 ;0=3,1=1
P 0.4891732 0.4094488 5 P 0 0 ;0=3,1=1
P 0.5 1.2942913 5 P 0 0 ;0=3,1=1
P 0.5000009 1.1377891 4 P 0 0 ;0=2,1=1
P 0.503937 0.3937008 5 P 0 0 ;0=3,1=1
P 0.5127953 1.3139764 5 P 0 0 ;0=3,1=1
P 0.5255909 1.0610209 4 P 0 0 ;0=2,1=1
P 0.5255909 1.1377891 4 P 0 0 ;0=2,1=1
P 0.5255909 1.2657391 4 P 0 0 ;0=2,1=1
P 0.5295276 1.3139764 5 P 0 0 ;0=3,1=1
P 0.5335185 1.4940007 6 P 0 0 ;0=4,1=1
P 0.5511809 1.1377891 4 P 0 0 ;0=2,1=1
P 0.5511811 1.3149606 5 P 0 0 ;0=3,1=1
P 0.5528593 1.4936582 6 P 0 0 ;0=4,1=1
P 0.5693146 1.3141849 5 P 0 0 ;0=3,1=1
P 0.5718504 1.4940945 6 P 0 0 ;0=4,1=1
P 0.5767709 0.9842509 4 P 0 0 ;0=2,1=1
P 0.5767709 1.0098409 4 P 0 0 ;0=2,1=1
P 0.5767709 1.1633791 4 P 0 0 ;0=2,1=1
P 0.5856299 1.4409449 5 P 0 0 ;0=3,1=1
P 0.5974409 0.894685 4 P 0 0 ;0=2,1=1
P 0.6023609 0.9842509 4 P 0 0 ;0=2,1=1
P 0.6023609 1.2401491 4 P 0 0 ;0=2,1=1
P 0.6060082 0.6397546 4 P 0 0 ;0=2,1=1
P 0.6067964 0.6716494 4 P 0 0 ;0=2,1=1
P 0.6279509 1.0098409 4 P 0 0 ;0=2,1=1
P 0.6279509 1.1889691 4 P 0 0 ;0=2,1=1
P 0.6303101 1.4793573 5 P 0 0 ;0=3,1=1
P 0.6535509 0.9330709 4 P 0 0 ;0=2,1=1
P 0.6544435 0.6444997 5 P 0 0 ;0=3,1=1
P 0.67323 1.48032 5 P 0 0 ;0=3,1=1
P 0.6778508 1.2973903 4 P 0 0 ;0=2,1=1
P 0.6791391 1.1633791 4 P 0 0 ;0=2,1=1
P 0.6791391 1.2401491 4 P 0 0 ;0=2,1=1
P 0.6791391 1.2657391 4 P 0 0 ;0=2,1=1
P 0.6791409 0.9074809 4 P 0 0 ;0=2,1=1
P 0.6791409 0.9330709 4 P 0 0 ;0=2,1=1
P 0.6791409 0.9842509 4 P 0 0 ;0=2,1=1
P 0.6919291 0.6043307 5 P 0 0 ;0=3,1=1
P 0.7037402 1.2972441 4 P 0 0 ;0=2,1=1
P 0.7047191 0.9586609 4 P 0 0 ;0=2,1=1
P 0.7047191 1.2145591 4 P 0 0 ;0=2,1=1
P 0.7047244 0.5757874 5 P 0 0 ;0=3,1=1
P 0.7047309 0.9074809 4 P 0 0 ;0=2,1=1
P 0.7303091 1.0610209 4 P 0 0 ;0=2,1=1
P 0.7303091 1.1633791 4 P 0 0 ;0=2,1=1
P 0.7303091 1.2145591 4 P 0 0 ;0=2,1=1
P 0.7303969 1.6355039 6 P 0 0 ;0=4,1=1
P 0.7493751 1.6353768 6 P 0 0 ;0=4,1=1
P 0.753742 1.0646012 4 P 0 0 ;0=2,1=1
P 0.7558991 1.0098409 4 P 0 0 ;0=2,1=1
P 0.7558991 1.0354309 4 P 0 0 ;0=2,1=1
P 0.7558991 1.1889691 4 P 0 0 ;0=2,1=1
P 0.7558991 1.2145591 4 P 0 0 ;0=2,1=1
P 0.7558991 1.2401491 4 P 0 0 ;0=2,1=1
P 0.7694997 1.6355042 6 P 0 0 ;0=4,1=1
P 0.7814891 0.9842509 4 P 0 0 ;0=2,1=1
P 0.7814891 1.0098409 4 P 0 0 ;0=2,1=1
P 0.7814891 1.0354309 4 P 0 0 ;0=2,1=1
P 0.7814891 1.0610209 4 P 0 0 ;0=2,1=1
P 0.7814891 1.1889691 4 P 0 0 ;0=2,1=1
P 0.7814891 1.2145591 4 P 0 0 ;0=2,1=1
P 0.7814891 1.2401491 4 P 0 0 ;0=2,1=1
P 0.7873637 0.9591048 4 P 0 0 ;0=2,1=1
P 0.8070791 0.9586609 4 P 0 0 ;0=2,1=1
P 0.8198819 0.3090551 3 P 0 0 ;0=1,1=1
P 0.8248031 1.4704724 5 P 0 0 ;0=3,1=1
P 0.8326691 0.9330709 4 P 0 0 ;0=2,1=1
P 0.8669603 0.4635444 4 P 0 0 ;0=2,1=1
P 0.8690945 0.6712598 4 P 0 0 ;0=2,1=1
P 0.9005906 0.9822835 4 P 0 0 ;0=2,1=1
P 0.9537124 1.0354309 4 P 0 0 ;0=2,1=1
P 0.9566929 0.6712598 4 P 0 0 ;0=2,1=1
P 0.9867998 0.7753602 5 P 0 0 ;0=3,1=1
P 0.9901575 1.0728346 4 P 0 0 ;0=2,1=1
P 1.0068898 0.9448819 5 P 0 0 ;0=3,1=1
P 1.006949 0.7748321 5 P 0 0 ;0=3,1=1
P 1.0255906 0.7746063 5 P 0 0 ;0=3,1=1
P 1.0364173 1.1683071 5 P 0 0 ;0=3,1=1
P 1.0452756 0.7746063 5 P 0 0 ;0=3,1=1
P 1.0570866 0.9448819 5 P 0 0 ;0=3,1=1
P 1.0649606 0.7746063 5 P 0 0 ;0=3,1=1
P 1.0728346 1.1929134 5 P 0 0 ;0=3,1=1
P 1.1082677 0.9940945 5 P 0 0 ;0=3,1=1
P 1.1083548 1.1703519 5 P 0 0 ;0=3,1=1
P 1.11024 0.7794 6 P 0 0 ;0=4,1=1
P 1.1243019 0.4932739 5 P 0 0 ;0=3,1=1
P 1.1269738 0.5372877 5 P 0 0 ;0=3,1=1
P 1.1427165 0.507874 5 P 0 0 ;0=3,1=1
P 1.1698952 1.1757332 5 P 0 0 ;0=3,1=1
P 1.2277047 1.2010091 4 P 0 0 ;0=2,1=1
P 1.2340897 1.2155512 4 P 0 0 ;0=2,1=1
P 1.23622 0.44882 6 P 0 0 ;0=4,1=1
