#Layer_Physical_Order=4
#Layer_Color=6736896
#
#Feature symbol names
#
$0 r3
$1 r8
$2 r4
$3 r12
$4 r10
$5 r18
$6 r11

#
#Feature attribute names
#
@0 .geometry
@1 .pad_usage

#
#Feature attribute text strings
#
&0 VIA_RoundD12.0000H6.0000C46.0000
&1 VIA_RoundD10.0000H4.0000C44.0000
&2 VIA_RoundD18.0000H8.0000C48.0000
&3 VIA_RoundD18.0000H10.0000C50.0000
&4 VIA_RoundD11.0000H5.0000C45.0000

#
#Layer features
#
L 0.25984 1.04724 0.2613707 1.0487707 0 P 0
L 0.2613707 1.0487707 0.2613707 1.0525571 0 P 0
L 0.2613707 1.0525571 0.261811 1.0529974 0 P 0
L 0.261811 1.0529974 0.261811 1.0698819 0 P 0
L 0.261811 1.0698819 0.2765748 1.0846457 0 P 0
L 0.2765748 1.0846457 0.2765748 1.1870078 0 P 0
L 0.2765748 1.1870078 0.359252 1.269685 0 P 0
L 0.3415354 0.4202756 0.3415354 0.4330709 0 P 0
L 0.3415354 0.4202756 0.3523622 0.4094488 0 P 0
L 0.3506066 0.6513619 0.3506066 1.1467315 0 P 0
L 0.3506066 0.6513619 0.379126 0.6228425 0 P 0
L 0.3506066 1.1467315 0.4399342 1.2360591 0 P 0
L 0.3523622 0.4094488 0.4163386 0.4094488 0 P 0
L 0.3566065 0.6545934 0.3566065 1.1442462 0 P 0
L 0.3566065 0.6545934 0.3823574 0.6288425 0 P 0
L 0.3566065 1.1442462 0.4424194 1.2300591 0 P 0
L 0.3626065 0.6570786 0.3626065 1.141761 0 P 0
L 0.3626065 0.6570786 0.3848426 0.6348425 0 P 0
L 0.3626065 1.141761 0.4449046 1.2240591 0 P 0
L 0.3695013 0.666916 0.3695013 1.1401706 0 P 0
L 0.3695013 0.666916 0.3809055 0.6555118 0 P 0
L 0.3695013 1.1401706 0.4438898 1.2145591 0 P 0
L 0.3759843 0.6791338 0.3759843 1.1371772 0 P 0
L 0.3759843 0.6791338 0.3996063 0.6555118 0 P 0
L 0.3759843 1.1371772 0.4435315 1.2047244 0 P 0
L 0.379126 0.6228425 0.4234174 0.6228425 0 P 0
L 0.3822021 0.6926011 0.3822021 1.1349098 0 P 0
L 0.3822021 0.6926011 0.4202756 0.6545276 0 P 0
L 0.3822021 1.1349098 0.4458966 1.1986043 0 P 0
L 0.3823574 0.6288425 0.4282441 0.6288425 0 P 0
L 0.3848426 0.6348425 0.4340553 0.6348425 0 P 0
L 0.3882021 0.7013649 0.3882021 1.1324244 0 P 0
L 0.3882021 0.7013649 0.430281 0.659286 0 P 0
L 0.3882021 1.1324244 0.4073525 1.1515748 0 P 0
L 0.3942021 0.7038501 0.3942021 1.1195958 0 P 0
L 0.3942021 0.7038501 0.4397806 0.6582716 0 P 0
L 0.3942021 1.1195958 0.402758 1.1281517 0 P 0
L 0.4002021 1.0529385 0.4002021 1.1078792 0 P 0
L 0.4002021 1.0529385 0.4019595 1.0511811 0 P 0
L 0.4002021 1.1078792 0.4074871 1.1151642 0 P 0
L 0.4019595 1.0511811 0.4521458 1.0511811 0 P 0
L 0.402758 1.1281517 0.5092683 1.1281517 0 P 0
L 0.4042372 0.7087561 0.4042372 0.9913662 0 P 0
L 0.4042372 0.7087561 0.4636014 0.6493919 0 P 0
L 0.4042372 0.9913662 0.4637953 1.0509243 0 P 0
L 0.4073525 1.1515748 0.5137866 1.1515748 0 P 0
L 0.4074871 1.1151642 0.4253293 1.1151642 0 P 0
L 0.4102372 0.7112413 0.4102372 0.9871234 0 P 0
L 0.4102372 0.7112413 0.4759012 0.6455773 0 P 0
L 0.4102372 0.9871234 0.4703579 1.0472441 0 P 0
L 0.4163386 0.4094488 0.4311024 0.4242126 0 P 0
L 0.4200798 0.7100187 0.4200798 0.9810998 0 P 0
L 0.4200798 0.7100187 0.4819012 0.6481973 0 P 0
L 0.4200798 0.9810998 0.4744109 1.0354309 0 P 0
L 0.4212598 1.2647638 0.4212598 1.3375983 0 P 0
L 0.4212598 1.3375983 0.5246064 1.4409449 0 P 0
L 0.4234174 0.6228425 0.4437423 0.6025176 0 P 0
L 0.4279538 0.7114408 0.4279538 0.9633838 0 P 0
L 0.4279538 0.7114408 0.4879012 0.6514934 0 P 0
L 0.4279538 0.9633838 0.4744109 1.0098409 0 P 0
L 0.4282441 0.6288425 0.466561 0.5905256 0 P 0
L 0.430281 0.6454644 0.430281 0.659286 0 P 0
L 0.4311024 0.4242126 0.4311024 0.4399606 0 P 0
L 0.4311024 0.4399606 0.4437423 0.4526005 0 P 0
L 0.4340551 1.2755906 0.4340551 1.3405512 0 P 0
L 0.4340551 1.3405512 0.4685039 1.375 0 P 0
L 0.4340553 0.6348425 0.4766847 0.5922131 0 P 0
L 0.4358278 0.7130325 0.4358278 0.9456678 0 P 0
L 0.4358278 0.7130325 0.4939012 0.6549591 0 P 0
L 0.4358278 0.9456678 0.4744109 0.9842509 0 P 0
L 0.4397806 0.6376023 0.4397806 0.6582716 0 P 0
L 0.4397806 0.6376023 0.4826847 0.5946982 0 P 0
L 0.4399342 1.2360591 0.4947435 1.2360591 0 P 0
L 0.4424194 1.2300591 0.5155009 1.2300591 0 P 0
L 0.4428278 0.7149061 0.4428278 0.9270778 0 P 0
L 0.4428278 0.7149061 0.4999012 0.6578327 0 P 0
L 0.4428278 0.9270778 0.4744109 0.9586609 0 P 0
L 0.4435038 1.075781 0.4435038 1.1059754 0 P 0
L 0.4435038 1.075781 0.4439724 1.0753124 0 P 0
L 0.4435038 1.1059754 0.4595756 1.1220472 0 P 0
L 0.4435315 1.2047244 0.4901662 1.2047244 0 P 0
L 0.4437423 0.4526005 0.4437423 0.6025176 0 P 0
L 0.4438898 1.2145591 0.4744109 1.2145591 0 P 0
L 0.4439724 1.0625127 0.4439724 1.0753124 0 P 0
L 0.4439724 1.0625127 0.445804 1.0606811 0 P 0
L 0.4449046 1.2240591 0.5160909 1.2240591 0 P 0
L 0.4458966 1.1986043 0.5263602 1.1986043 0 P 0
L 0.4488189 0.4301181 0.4488189 0.4319385 0 P 0
L 0.4488189 0.4319385 0.4527559 0.4358755 0 P 0
L 0.4488189 1.2667323 0.4488189 1.3447173 0 P 0
L 0.4488189 1.3447173 0.4672906 1.363189 0 P 0
L 0.4505916 0.7167764 0.4505916 0.9213686 0 P 0
L 0.4505916 0.7167764 0.5059012 0.6614668 0 P 0
L 0.4505916 0.9213686 0.4715693 0.9423463 0 P 0
L 0.4521458 1.0511811 0.455304 1.0543393 0 P 0
L 0.4527559 0.4358755 0.4527559 0.4901575 0 P 0
L 0.4527559 0.4901575 0.4566929 0.4940945 0 P 0
L 0.455304 1.0543393 0.455304 1.0927262 0 P 0
L 0.455304 1.0927262 0.4650391 1.1024613 0 P 0
L 0.4566929 0.4940945 0.4791699 0.4940945 0 P 0
L 0.4574813 0.7196842 0.4574813 0.9141245 0 P 0
L 0.4574813 0.7196842 0.5119012 0.6652643 0 P 0
L 0.4574813 0.9141245 0.4814885 0.9381317 0 P 0
L 0.4595756 1.1220472 0.523284 1.1220472 0 P 0
L 0.4636014 0.6339758 0.4636014 0.6493919 0 P 0
L 0.4637953 1.0509243 0.4637953 1.0927323 0 P 0
L 0.4637953 1.0927323 0.4675243 1.0964613 0 P 0
L 0.4647283 0.7242482 0.4647283 0.9128863 0 P 0
L 0.4647283 0.7242482 0.5179012 0.6710753 0 P 0
L 0.4647283 0.9128863 0.4874885 0.9356465 0 P 0
L 0.4650391 1.1024613 0.5355322 1.1024613 0 P 0
L 0.466561 0.5686351 0.466561 0.5905256 0 P 0
L 0.4669357 0.5299495 0.4669357 0.5535499 0 P 0
L 0.4669357 0.5299495 0.4673976 0.5294876 0 P 0
L 0.4669357 0.5535499 0.4766847 0.5632989 0 P 0
L 0.4672906 1.363189 0.4793307 1.363189 0 P 0
L 0.4675243 1.0964613 0.5511857 1.0964613 0 P 0
L 0.4685039 1.375 0.4832677 1.375 0 P 0
L 0.4690505 1.2456671 0.4763362 1.2529528 0 P 0
L 0.4702724 1.3482874 0.4716634 1.3468964 0 P 0
L 0.4703579 1.0472441 0.4881877 1.0472441 0 P 0
L 0.4716634 1.3468964 0.4821862 1.3468964 0 P 0
L 0.4759012 0.635486 0.4759012 0.6455773 0 P 0
L 0.4759012 0.635486 0.4847752 0.626612 0 P 0
L 0.4763362 1.2529528 0.5275591 1.2529528 0 P 0
L 0.4766847 0.5632989 0.4766847 0.5922131 0 P 0
L 0.4791699 0.4940945 0.4826847 0.4976093 0 P 0
L 0.48032 0.0541387 0.4950886 0.0393701 0 P 0
L 0.4814885 0.9381317 0.4814885 0.9486337 0 P 0
L 0.4814885 0.9486337 0.4849306 0.9520758 0 P 0
L 0.4819012 0.6379712 0.4819012 0.6481973 0 P 0
L 0.4819012 0.6379712 0.4907752 0.6290972 0 P 0
L 0.4821862 1.3468964 0.4865156 1.3512258 0 P 0
L 0.4826847 0.4976093 0.4826847 0.5946982 0 P 0
L 0.4832677 1.375 0.4898307 1.368437 0 P 0
L 0.4834321 0.1466636 0.4990937 0.131002 2 P 0
L 0.4847752 0.6088954 0.4847752 0.626612 0 P 0
L 0.4847752 0.6088954 0.4893452 0.6043254 0 P 0
L 0.4849306 0.9520758 0.4849306 1.0164266 0 P 0
L 0.4849306 1.0164266 0.4911418 1.0226378 0 P 0
L 0.4865156 1.3512258 0.4870526 1.3512258 0 P 0
L 0.4870526 1.3512258 0.4898307 1.3540039 0 P 0
L 0.4874885 0.9356465 0.4874885 0.9461485 0 P 0
L 0.4874885 0.9461485 0.5000009 0.9586609 0 P 0
L 0.4879012 0.6404564 0.4879012 0.6514934 0 P 0
L 0.4879012 0.6404564 0.4967752 0.6315824 0 P 0
L 0.4881877 1.0472441 0.5000009 1.0354309 0 P 0
L 0.4887487 0.9056524 0.4887487 0.9135224 0 P 0
L 0.4887487 0.9056524 0.4977821 0.896619 0 P 0
L 0.4887487 0.9135224 0.4943178 0.9190915 0 P 0
L 0.4893452 0.460458 0.4893452 0.6043254 0 P 0
L 0.4893452 0.460458 0.5295215 0.4202817 0 P 0
L 0.4898307 1.3540039 0.4898307 1.368437 0 P 0
L 0.4901662 1.2047244 0.5000009 1.2145591 0 P 0
L 0.4907752 0.6113806 0.4907752 0.6290972 0 P 0
L 0.4907752 0.6113806 0.4957823 0.6063735 0 P 0
L 0.4911418 1.0226378 0.5029528 1.0226378 0 P 0
L 0.4939012 0.6429416 0.4939012 0.6549591 0 P 0
L 0.4939012 0.6429416 0.5027752 0.6340676 0 P 0
L 0.4943178 0.9190915 0.4943178 0.9371001 0 P 0
L 0.4943178 0.9371001 0.4977821 0.9405644 0 P 0
L 0.4947435 1.2360591 0.4988335 1.2401491 0 P 0
L 0.4950886 0.0393701 0.5137796 0.0393701 0 P 0
L 0.4957823 0.4697689 0.4957823 0.6063735 0 P 0
L 0.4957823 0.4697689 0.5334646 0.4320866 0 P 0
L 0.4967752 0.6138658 0.4967752 0.6315824 0 P 0
L 0.4967752 0.6138658 0.5018294 0.6088116 0 P 0
L 0.4977821 0.7019179 0.4977821 0.896619 0 P 0
L 0.4977821 0.7019179 0.5239012 0.6757988 0 P 0
L 0.4977821 0.9405644 0.4977821 0.9446325 0 P 0
L 0.4977821 0.9446325 0.5 0.9468504 0 P 0
L 0.4982487 0.9095874 0.5037821 0.904054 0 P 0
L 0.4988335 1.2401491 0.5000009 1.2401491 0 P 0
L 0.4990937 0.0514523 0.4990937 0.131002 2 P 0
L 0.4999012 0.6454268 0.4999012 0.6578327 0 P 0
L 0.4999012 0.6454268 0.5087752 0.6365528 0 P 0
L 0.5 0.9468504 0.5049213 0.9468504 0 P 0
L 0.5000009 0.9842509 0.5097821 0.9744697 0 P 0
L 0.5018294 0.4794698 0.5018294 0.6088116 0 P 0
L 0.5018294 0.4794698 0.5413513 0.4399479 0 P 0
L 0.5027752 0.616351 0.5027752 0.6340676 0 P 0
L 0.5027752 0.616351 0.507874 0.6112522 0 P 0
L 0.5029528 1.0226378 0.5137795 1.0334645 0 P 0
L 0.5037821 0.7044031 0.5037821 0.904054 0 P 0
L 0.5037821 0.7044031 0.5299012 0.678284 0 P 0
L 0.5038178 0.9240226 0.5038178 0.9331651 0 P 0
L 0.5038178 0.9240226 0.5097821 0.9180583 0 P 0
L 0.5049213 0.9468504 0.5097821 0.9517112 0 P 0
L 0.5059012 0.647912 0.5059012 0.6614668 0 P 0
L 0.5059012 0.647912 0.5147752 0.639038 0 P 0
L 0.507874 0.4899612 0.507874 0.6112522 0 P 0
L 0.507874 0.4899612 0.5460635 0.4517717 0 P 0
L 0.5087752 0.6188362 0.5087752 0.6365528 0 P 0
L 0.5087752 0.6188362 0.5147638 0.6128476 0 P 0
L 0.5092683 1.1281517 0.511811 1.1306944 0 P 0
L 0.5097821 0.7068883 0.5097821 0.9180583 0 P 0
L 0.5097821 0.7068883 0.5359012 0.6807692 0 P 0
L 0.5097821 0.9517112 0.5097821 0.9744697 0 P 0
L 0.511811 1.1306944 0.511811 1.139672 0 P 0
L 0.511811 1.139672 0.5246981 1.1525591 0 P 0
L 0.5119012 0.6503972 0.5119012 0.6652643 0 P 0
L 0.5119012 0.6503972 0.5207752 0.6415232 0 P 0
L 0.5137795 1.0334645 0.5137795 1.0393701 0 P 0
L 0.5137795 1.0393701 0.5206692 1.0462598 0 P 0
L 0.5137796 0.0393701 0.5461654 0.0717559 0 P 0
L 0.5137866 1.1515748 0.5255909 1.1633791 0 P 0
L 0.5147638 0.4960631 0.5147638 0.6128476 0 P 0
L 0.5147638 0.4960631 0.5275552 0.4832717 0 P 0
L 0.5147752 0.6213214 0.5147752 0.639038 0 P 0
L 0.5147752 0.6213214 0.5246549 0.6114417 0 P 0
L 0.5155009 1.2300591 0.5255909 1.2401491 0 P 0
L 0.5157821 0.7093735 0.5157821 1.0256221 0 P 0
L 0.5157821 0.7093735 0.5419012 0.6832544 0 P 0
L 0.5157821 1.0256221 0.5255909 1.0354309 0 P 0
L 0.5160909 1.2240591 0.5255909 1.2145591 0 P 0
L 0.5179012 0.6528824 0.5179012 0.6710753 0 P 0
L 0.5179012 0.6528824 0.5267752 0.6440084 0 P 0
L 0.5206692 1.0462598 0.540352 1.0462598 0 P 0
L 0.5207752 0.6238066 0.5207752 0.6415232 0 P 0
L 0.5207752 0.6238066 0.5314961 0.6130857 0 P 0
L 0.5217821 0.7118587 0.5217821 0.9514311 0 P 0
L 0.5217821 0.7118587 0.5479012 0.6857396 0 P 0
L 0.5217821 0.9514311 0.5242516 0.9539006 0 P 0
L 0.523284 1.1220472 0.5383858 1.137149 0 P 0
L 0.523477 0.0955019 0.541223 0.0777559 0 P 0
L 0.5239012 0.6553676 0.5239012 0.6757988 0 P 0
L 0.5239012 0.6553676 0.5327752 0.6464936 0 P 0
L 0.5242516 0.9539006 0.5242516 0.9573216 0 P 0
L 0.5242516 0.9573216 0.5255909 0.9586609 0 P 0
L 0.5246064 1.4409449 0.5856299 1.4409449 0 P 0
L 0.5246549 0.5115238 0.5246549 0.6114417 0 P 0
L 0.5246981 1.1525591 0.5314961 1.1525591 0 P 0
L 0.5255909 0.9753934 0.5255909 0.9842509 0 P 0
L 0.5255909 0.9753934 0.5354331 0.9655512 0 P 0
L 0.5255909 1.0098409 0.5263562 1.0090756 0 P 0
L 0.5263562 1.0031713 0.5263562 1.0090756 0 P 0
L 0.5263562 1.0031713 0.535433 0.9940945 0 P 0
L 0.5263602 1.1986043 0.5354331 1.2076772 0 P 0
L 0.5267752 0.6262918 0.5267752 0.6440084 0 P 0
L 0.5267752 0.6262918 0.5383858 0.6146812 0 P 0
L 0.5275552 0.4832717 0.5482283 0.4832717 0 P 0
L 0.5275591 1.2529528 0.5354331 1.2450788 0 P 0
L 0.5277821 0.7143439 0.5277821 0.9474171 0 P 0
L 0.5277821 0.7143439 0.5539012 0.6882248 0 P 0
L 0.5277821 0.9474171 0.5350909 0.9547259 0 P 0
L 0.5295215 0.4202817 0.5797183 0.4202817 0 P 0
L 0.5299012 0.6578528 0.5299012 0.678284 0 P 0
L 0.5299012 0.6578528 0.5387752 0.6489788 0 P 0
L 0.5314961 0.5255905 0.5314961 0.6130857 0 P 0
L 0.5314961 0.5255905 0.5492126 0.507874 0 P 0
L 0.5314961 1.1525591 0.5383858 1.1594488 0 P 0
L 0.5327752 0.628777 0.5327752 0.6464936 0 P 0
L 0.5327752 0.628777 0.5449921 0.6165601 0 P 0
L 0.5334646 0.4320866 0.5994134 0.4320866 0 P 0
L 0.5337821 0.7172021 0.5337821 0.9427649 0 P 0
L 0.5337821 0.7172021 0.577327 0.6736572 0 P 0
L 0.5337821 0.9427649 0.5414331 0.9504159 0 P 0
L 0.5350909 0.9547259 0.5350909 0.9552803 0 P 0
L 0.5350909 0.9552803 0.5354331 0.9556225 0 P 0
L 0.535433 0.9940945 0.5547723 0.9940945 0 P 0
L 0.5354331 0.9556225 0.5354331 0.9655512 0 P 0
L 0.5354331 1.2076772 0.5354331 1.2450788 0 P 0
L 0.5355322 1.1024613 0.560991 1.1279201 0 P 0
L 0.5359012 0.660338 0.5359012 0.6807692 0 P 0
L 0.5359012 0.660338 0.5447752 0.651464 0 P 0
L 0.5383858 0.5344796 0.5383858 0.6146812 0 P 0
L 0.5383858 0.5344796 0.5644966 0.5083688 0 P 0
L 0.5383858 1.137149 0.5383858 1.150584 0 P 0
L 0.5383858 1.150584 0.5511809 1.1633791 0 P 0
L 0.5383858 1.1594488 0.5383858 1.201764 0 P 0
L 0.5383858 1.201764 0.5511809 1.2145591 0 P 0
L 0.5387752 0.6312622 0.5387752 0.6489788 0 P 0
L 0.5387752 0.6312622 0.5509921 0.6190453 0 P 0
L 0.5397821 0.7196873 0.5397821 0.9402797 0 P 0
L 0.5397821 0.7196873 0.583327 0.6761424 0 P 0
L 0.5397821 0.9402797 0.5474331 0.9479307 0 P 0
L 0.540352 1.0462598 0.5511809 1.0354309 0 P 0
L 0.541223 0.0777559 0.6712598 0.0777559 0 P 0
L 0.5413513 0.4399479 0.5678945 0.4399479 0 P 0
L 0.5414331 0.9504159 0.5414331 0.9745031 0 P 0
L 0.5414331 0.9745031 0.5511809 0.9842509 0 P 0
L 0.5419012 0.6628232 0.5419012 0.6832544 0 P 0
L 0.5419012 0.6628232 0.5507752 0.6539492 0 P 0
L 0.5447752 0.6337474 0.5447752 0.651464 0 P 0
L 0.5447752 0.6337474 0.5569921 0.6215305 0 P 0
L 0.5449921 0.549631 0.5449921 0.6165601 0 P 0
L 0.5449921 0.549631 0.5501969 0.5444262 0 P 0
L 0.5457821 0.7245141 0.5457821 0.9377945 0 P 0
L 0.5457821 0.7245141 0.5905512 0.679745 0 P 0
L 0.5457821 0.9377945 0.5534331 0.9454455 0 P 0
L 0.5460635 0.4517717 0.5482283 0.4517717 0 P 0
L 0.5461654 0.0717559 0.6687746 0.0717559 0 P 0
L 0.5474331 0.9479307 0.5474331 0.9670681 0 P 0
L 0.5474331 0.9670681 0.5606809 0.9803159 0 P 0
L 0.5479012 0.6655444 0.5479012 0.6857396 0 P 0
L 0.5479012 0.6655444 0.5539012 0.6595444 0 P 0
L 0.5501969 0.534481 0.5501969 0.5444262 0 P 0
L 0.5501969 0.534481 0.565544 0.5191339 0 P 0
L 0.5507752 0.6362326 0.5507752 0.6539492 0 P 0
L 0.5507752 0.6362326 0.5629921 0.6240157 0 P 0
L 0.5509921 0.5521162 0.5509921 0.6190453 0 P 0
L 0.5509921 0.5521162 0.5569921 0.5461162 0 P 0
L 0.5511809 1.0098409 0.5666809 0.9943409 0 P 0
L 0.5511809 1.0610209 0.5668503 1.0453515 0 P 0
L 0.5511809 1.0866209 0.5639764 1.0738254 0 P 0
L 0.5511809 1.1889691 0.5649606 1.2027488 0 P 0
L 0.5511857 1.0964613 0.5885827 1.1338583 0 P 0
L 0.5534331 0.9454455 0.5534331 0.9645829 0 P 0
L 0.5534331 0.9645829 0.5666809 0.9778307 0 P 0
L 0.5538502 0.9097325 0.5538502 0.9373774 0 P 0
L 0.5538502 0.9097325 0.5617339 0.9018488 0 P 0
L 0.5538502 0.9373774 0.5594331 0.9429603 0 P 0
L 0.5539012 0.6593084 0.5539012 0.6595444 0 P 0
L 0.5539012 0.6593084 0.5604997 0.6527099 0 P 0
L 0.5539012 0.6680296 0.5539012 0.6882248 0 P 0
L 0.5539012 0.6680296 0.5705358 0.651395 0 P 0
L 0.5547723 0.9940945 0.5606809 0.9881859 0 P 0
L 0.55512 1.71654 0.5718477 1.7332677 0 P 0
L 0.5569921 0.5368781 0.5569921 0.5461162 0 P 0
L 0.5569921 0.5368781 0.5687363 0.5251339 0 P 0
L 0.5569921 0.5546014 0.5569921 0.6215305 0 P 0
L 0.5569921 0.5546014 0.5629921 0.5486014 0 P 0
L 0.5578335 0.7209479 0.5578335 0.8923488 0 P 0
L 0.5578335 0.7209479 0.597632 0.6811494 0 P 0
L 0.5594331 0.9429603 0.5594331 0.9514455 0 P 0
L 0.5594331 0.9514455 0.5624642 0.9544766 0 P 0
L 0.5604997 0.6402993 0.5604997 0.6527099 0 P 0
L 0.5606809 0.9803159 0.5606809 0.9881859 0 P 0
L 0.560991 1.1279201 0.560991 1.1731892 0 P 0
L 0.560991 1.1731892 0.5767709 1.1889691 0 P 0
L 0.5617339 0.9018488 0.5617685 0.9018488 0 P 0
L 0.5617685 0.9018488 0.5673335 0.8962838 0 P 0
L 0.5624642 0.9544766 0.5624642 0.9582425 0 P 0
L 0.5624642 0.9582425 0.5638035 0.9595818 0 P 0
L 0.5629921 0.5393633 0.5629921 0.5486014 0 P 0
L 0.5629921 0.5393633 0.5707215 0.5316339 0 P 0
L 0.5629921 0.5570866 0.5629921 0.6240157 0 P 0
L 0.5629921 0.5570866 0.5725621 0.5475166 0 P 0
L 0.5631406 0.9089619 0.5631406 0.9332328 0 P 0
L 0.5631406 0.9089619 0.5733335 0.898769 0 P 0
L 0.5631406 0.9332328 0.5638875 0.9339797 0 P 0
L 0.5639764 1.0567106 0.5639764 1.0738254 0 P 0
L 0.5639764 1.0567106 0.5691661 1.0515209 0 P 0
L 0.5644966 0.5083688 0.5802139 0.5083688 0 P 0
L 0.5649606 1.2027488 0.5649606 1.2805118 0 P 0
L 0.5649606 1.2805118 0.5816929 1.2972441 0 P 0
L 0.5651094 1.6123598 0.5651094 1.6362717 0 P 0
L 0.5651094 1.6123598 0.5846457 1.5928235 0 P 0
L 0.5651094 1.6362717 0.6456895 1.7168518 0 P 0
L 0.5653456 0.722056 0.5653456 0.8864259 0 P 0
L 0.5653456 0.722056 0.597441 0.6899606 0 P 0
L 0.5653456 0.8864259 0.5673335 0.8884138 0 P 0
L 0.565544 0.5191339 0.586181 0.5191339 0 P 0
L 0.5666809 0.9778307 0.5666809 0.9943409 0 P 0
L 0.5668503 1.0453515 0.5900958 1.0453515 0 P 0
L 0.5673335 0.8884138 0.5673335 0.8962838 0 P 0
L 0.5678945 0.4399479 0.5797183 0.4517717 0 P 0
L 0.5687363 0.5251339 0.5886657 0.5251339 0 P 0
L 0.5691661 1.0515209 0.5867927 1.0515209 0 P 0
L 0.5705358 0.6217294 0.5705358 0.651395 0 P 0
L 0.5705358 0.6217294 0.5797244 0.6125408 0 P 0
L 0.5707215 0.5316339 0.591358 0.5316339 0 P 0
L 0.5713456 0.7268828 0.5713456 0.8839407 0 P 0
L 0.5713456 0.7268828 0.5723298 0.7268828 0 P 0
L 0.5713456 0.8839407 0.5733335 0.8859286 0 P 0
L 0.5718477 1.7332677 0.6633858 1.7332677 0 P 0
L 0.5723298 0.7268828 0.6003937 0.6988189 0 P 0
L 0.5725621 0.5475166 0.5774834 0.5475166 0 P 0
L 0.5728346 1.6151576 0.5728346 1.6286851 0 P 0
L 0.5728346 1.6151576 0.5925197 1.5954725 0 P 0
L 0.5728346 1.6286851 0.6510013 1.7068518 0 P 0
L 0.5728346 1.7165354 0.5835669 1.7272677 0 P 0
L 0.5733335 0.8859286 0.5733335 0.898769 0 P 0
L 0.5748031 0.9057846 0.5748031 0.9448953 0 P 0
L 0.5748031 0.9057846 0.5797244 0.9008633 0 P 0
L 0.5748031 0.9448953 0.5834708 0.953563 0 P 0
L 0.5748031 1.3602362 0.5816929 1.3533464 0 P 0
L 0.5757874 0.5944882 0.5771267 0.5958275 0 P 0
L 0.5767709 1.0610209 0.5767709 1.0699102 0 P 0
L 0.5767709 1.0699102 0.640748 1.1338873 0 P 0
L 0.5767709 1.0866209 0.613189 1.123039 0 P 0
L 0.5767709 1.2145591 0.5885827 1.2027473 0 P 0
L 0.5769344 0.5629403 0.5905512 0.5765571 0 P 0
L 0.5771267 0.5958275 0.5810637 0.5958275 0 P 0
L 0.577327 0.6284768 0.577327 0.6736572 0 P 0
L 0.577327 0.6284768 0.5895669 0.6162369 0 P 0
L 0.5774834 0.5475166 0.5787402 0.5462598 0 P 0
L 0.5775088 0.5801717 0.5955669 0.5982298 0 P 0
L 0.5797183 0.4832717 0.5797183 0.4911356 0 P 0
L 0.5797183 0.4911356 0.5909861 0.5024034 0 P 0
L 0.5797244 0.6122047 0.5797244 0.6125408 0 P 0
L 0.5797244 0.730315 0.5797244 0.9008633 0 P 0
L 0.5797244 0.730315 0.6052205 0.7048189 0 P 0
L 0.5802139 0.5083688 0.5807087 0.507874 0 P 0
L 0.5810637 0.5958275 0.5895669 0.6043307 0 P 0
L 0.5816929 1.2972441 0.5816929 1.3533464 0 P 0
L 0.583327 0.630962 0.583327 0.6761424 0 P 0
L 0.583327 0.630962 0.5955669 0.6187221 0 P 0
L 0.5834708 0.953563 0.5834708 0.958841 0 P 0
L 0.5834708 0.958841 0.5845493 0.9599195 0 P 0
L 0.5835669 1.7272677 0.6609006 1.7272677 0 P 0
L 0.5846457 1.4625983 0.5846457 1.5928235 0 P 0
L 0.5846457 1.4625983 0.6119129 1.4353311 0 P 0
L 0.5857244 0.7328432 0.5857244 0.9017763 0 P 0
L 0.5857244 0.7328432 0.6049849 0.7135827 0 P 0
L 0.5857244 0.9017763 0.5882846 0.9043365 0 P 0
L 0.586181 0.5191339 0.5909861 0.5143288 0 P 0
L 0.5867927 1.0515209 0.5937766 1.0585048 0 P 0
L 0.5882846 0.9043365 0.5882846 0.9062307 0 P 0
L 0.5885827 1.1338583 0.5885827 1.2027473 0 P 0
L 0.5886657 0.5251339 0.5969861 0.5168135 0 P 0
L 0.5895669 0.6043307 0.5895669 0.6162369 0 P 0
L 0.5900958 1.0453515 0.6175789 1.0728346 0 P 0
L 0.5905512 0.5765571 0.5905512 0.5847289 0 P 0
L 0.5905512 0.5847289 0.6015669 0.5957446 0 P 0
L 0.5905512 0.632223 0.5905512 0.679745 0 P 0
L 0.5905512 0.632223 0.6015669 0.6212073 0 P 0
L 0.5909861 0.5024034 0.5909861 0.5143288 0 P 0
L 0.591358 0.5316339 0.6112183 0.5117736 0 P 0
L 0.5925197 1.5551181 0.5925197 1.5954725 0 P 0
L 0.5925197 1.5551181 0.6112205 1.5364173 0 P 0
L 0.5937766 1.0585048 0.5937766 1.0691703 0 P 0
L 0.5937766 1.0691703 0.6482547 1.1236484 0 P 0
L 0.595242 1.4917115 0.595242 1.4933015 0 P 0
L 0.595242 1.4917115 0.5994094 1.4875441 0 P 0
L 0.5955669 0.5982298 0.5955669 0.6187221 0 P 0
L 0.5969861 0.4987648 0.5969861 0.5168135 0 P 0
L 0.5969861 0.4987648 0.5994094 0.4963415 0 P 0
L 0.597441 0.6899606 0.6151575 0.6899606 0 P 0
L 0.5976013 0.7567294 0.5976013 0.8804979 0 P 0
L 0.5976013 0.7567294 0.6722441 0.6820866 0 P 0
L 0.597632 0.6811494 0.6107314 0.6811494 0 P 0
L 0.5994094 0.4635806 0.5994094 0.4963415 0 P 0
L 0.5994094 0.4635806 0.6112183 0.4517717 0 P 0
L 0.5994094 1.46063 0.5994094 1.4875441 0 P 0
L 0.5994094 1.46063 0.6179129 1.4421265 0 P 0
L 0.5994134 0.4320866 0.6112183 0.4202817 0 P 0
L 0.6003276 0.1489567 0.6030336 0.1489567 1 P 0
L 0.6003937 0.6988189 0.6181102 0.6988189 0 P 0
L 0.6015669 0.5957446 0.6015669 0.6212073 0 P 0
L 0.6023609 1.1889691 0.6119129 1.1985211 0 P 0
L 0.6030336 0.1489567 0.6095887 0.1555118 1 P 0
L 0.6045174 0.9486322 0.6045174 0.9596989 0 P 0
L 0.6045174 0.9486322 0.6151575 0.9379921 0 P 0
L 0.6049849 0.7135827 0.6309055 0.7135827 0 P 0
L 0.6052205 0.7048189 0.6258898 0.7048189 0 P 0
L 0.6055103 0.9210646 0.6055103 0.9338286 0 P 0
L 0.6055103 0.9210646 0.6161417 0.9104332 0 P 0
L 0.6065583 0.9064141 0.6078976 0.9050748 0 P 0
L 0.6078976 0.9015268 0.6078976 0.9050748 0 P 0
L 0.6078976 0.9015268 0.6082677 0.9011567 0 P 0
L 0.6082677 0.7588582 0.6082677 0.9011567 0 P 0
L 0.6082677 0.7588582 0.6820866 0.6850393 0 P 0
L 0.6095887 0.1555118 0.7086614 0.1555118 1 P 0
L 0.6107314 0.6811494 0.6181102 0.6737706 0 P 0
L 0.6112183 0.4832717 0.6112183 0.5117736 0 P 0
L 0.6112205 1.4645669 0.6112205 1.5364173 0 P 0
L 0.6112205 1.4645669 0.6279509 1.4478365 0 P 0
L 0.6112205 1.6181102 0.6112205 1.6352334 0 P 0
L 0.6112205 1.6181102 0.6419618 1.5873689 0 P 0
L 0.6112205 1.6352334 0.6113285 1.6353414 0 P 0
L 0.6119129 1.1985211 0.6119129 1.4353311 0 P 0
L 0.613189 1.123039 0.613189 1.1417323 0 P 0
L 0.613189 1.1417323 0.6230315 1.1515748 0 P 0
L 0.6151575 0.6899606 0.6241102 0.6810079 0 P 0
L 0.6151575 0.9199026 0.6151575 0.9379921 0 P 0
L 0.6151575 0.9199026 0.6230315 0.9120286 0 P 0
L 0.6161417 0.7716536 0.6161417 0.9104332 0 P 0
L 0.6161417 0.7716536 0.6170315 0.7707638 0 P 0
L 0.6170315 0.7612943 0.6170315 0.7707638 0 P 0
L 0.6170315 0.7612943 0.6958661 0.6824597 0 P 0
L 0.6175789 1.0728346 0.6840551 1.0728346 0 P 0
L 0.6179129 1.2245971 0.6179129 1.4421265 0 P 0
L 0.6179129 1.2245971 0.6279509 1.2145591 0 P 0
L 0.6181102 0.5000001 0.6181102 0.6737706 0 P 0
L 0.6181102 0.5000001 0.647852 0.4702583 0 P 0
L 0.6181102 0.6988189 0.6309055 0.6860236 0 P 0
L 0.6230315 0.7637795 0.6230315 0.9120286 0 P 0
L 0.6230315 0.7637795 0.7090965 0.6777145 0 P 0
L 0.6230315 1.1515748 0.632874 1.1515748 0 P 0
L 0.6241102 0.5107324 0.6241102 0.6810079 0 P 0
L 0.6241102 0.5107324 0.6407481 0.4940945 0 P 0
L 0.6258898 0.7048189 0.6543328 0.6763759 0 P 0
L 0.6273396 1.6114552 0.6273396 1.6311127 0 P 0
L 0.6273396 1.6114552 0.644418 1.5943768 0 P 0
L 0.6273396 1.6311127 0.6328107 1.6365838 0 P 0
L 0.6279509 0.9155944 0.6279509 0.9330709 0 P 0
L 0.6279509 0.9155944 0.6290315 0.9145138 0 P 0
L 0.6279509 0.9465059 0.6279509 0.9586609 0 P 0
L 0.6279509 0.9465059 0.6374509 0.9370059 0 P 0
L 0.6279509 0.9720959 0.6279509 0.9842509 0 P 0
L 0.6279509 0.9720959 0.6434509 0.9565959 0 P 0
L 0.6279509 1.2657391 0.6279509 1.4478365 0 P 0
L 0.6290315 0.7662647 0.6290315 0.9145138 0 P 0
L 0.6290315 0.7662647 0.7201847 0.6751115 0 P 0
L 0.6309055 0.5305118 0.6309055 0.6860236 0 P 0
L 0.6309055 0.5305118 0.644685 0.5167323 0 P 0
L 0.6309055 0.7135827 0.6653874 0.6791008 0 P 0
L 0.6318898 0.1348425 0.6338583 0.1348425 0 P 0
L 0.6328107 1.6365838 0.6328107 1.6368701 0 P 0
L 0.632874 1.1515748 0.6427165 1.1614173 0 P 0
L 0.6338583 0.1348425 0.7276946 0.0410062 0 P 0
L 0.6374509 0.9107774 0.6374509 0.9370059 0 P 0
L 0.6374509 0.9107774 0.644685 0.9035433 0 P 0
L 0.6391487 0.7724341 0.6391487 0.8938633 0 P 0
L 0.6391487 0.7724341 0.773622 0.6379608 0 P 0
L 0.640748 0.9704725 0.640748 0.997028 0 P 0
L 0.640748 0.9704725 0.6632984 0.9479221 0 P 0
L 0.640748 0.997028 0.6535509 1.0098309 0 P 0
L 0.640748 1.1338873 0.640748 1.1456693 0 P 0
L 0.640748 1.1456693 0.6498249 1.1547462 0 P 0
L 0.6407481 0.4940945 0.648622 0.4940945 0 P 0
L 0.6419618 1.5873689 0.7571193 1.5873689 0 P 0
L 0.6427165 1.1614173 0.6427165 1.3139764 0 P 0
L 0.6427165 1.3139764 0.6998031 1.371063 0 P 0
L 0.6434509 0.9307181 0.6434509 0.9565959 0 P 0
L 0.6434509 0.9307181 0.6440509 0.9301181 0 P 0
L 0.6440509 0.9291359 0.6440509 0.9301181 0 P 0
L 0.6440509 0.9291359 0.6496159 0.9235709 0 P 0
L 0.644418 1.5943768 0.7658594 1.5943768 0 P 0
L 0.644685 0.901762 0.644685 0.9035433 0 P 0
L 0.644685 0.901762 0.6496063 0.8968407 0 P 0
L 0.6456895 1.7168518 0.6567455 1.7168518 0 P 0
L 0.6482547 1.1236484 0.6590815 1.1236484 0 P 0
L 0.6496063 0.773622 0.6496063 0.8968407 0 P 0
L 0.6496063 0.773622 0.7806143 0.642614 0 P 0
L 0.6496159 0.9235709 0.6540686 0.9235709 0 P 0
L 0.6498249 1.1547462 0.6498249 1.3082895 0 P 0
L 0.6498249 1.3082895 0.7076772 1.3661418 0 P 0
L 0.6535509 0.9055867 0.6535509 0.9074809 0 P 0
L 0.6535509 0.9055867 0.6566206 0.902517 0 P 0
L 0.6535509 0.9842409 0.6692984 0.9684934 0 P 0
L 0.6540686 0.9235709 0.6633858 0.9142537 0 P 0
L 0.6543328 0.6613454 0.6543328 0.6763759 0 P 0
L 0.6566206 0.7770218 0.6566206 0.902517 0 P 0
L 0.6566206 0.7770218 0.7877219 0.6459205 0 P 0
L 0.6567455 1.7168518 0.6670749 1.7065224 0 P 0
L 0.6584646 1.1515747 0.6584646 1.2952756 0 P 0
L 0.6584646 1.1515747 0.6653543 1.144685 0 P 0
L 0.6584646 1.2952756 0.7449991 1.3818101 0 P 0
L 0.6590815 1.1236484 0.6653543 1.1299212 0 P 0
L 0.6609006 1.7272677 0.6904281 1.6977402 0 P 0
L 0.6632984 0.9228263 0.6632984 0.9479221 0 P 0
L 0.6632984 0.9228263 0.6693858 0.9167389 0 P 0
L 0.6633858 0.780555 0.6633858 0.9142537 0 P 0
L 0.6633858 0.780555 0.8077534 0.6361874 0 P 0
L 0.6633858 1.7332677 0.6929133 1.7037402 0 P 0
L 0.6653543 1.1299212 0.6653543 1.144685 0 P 0
L 0.6653874 0.648589 0.6653874 0.6791008 0 P 0
L 0.6653874 0.648589 0.7165354 0.597441 0 P 0
L 0.6663386 1.2017696 0.6663386 1.2858781 0 P 0
L 0.6663386 1.2017696 0.6791391 1.1889691 0 P 0
L 0.6663386 1.2858781 0.6778508 1.2973903 0 P 0
L 0.6687746 0.0717559 0.7120817 0.0284488 0 P 0
L 0.6692984 0.926174 0.6692984 0.9684934 0 P 0
L 0.6692984 0.926174 0.6742126 0.9212598 0 P 0
L 0.6693858 0.7830402 0.6693858 0.9167389 0 P 0
L 0.6693858 0.7830402 0.8149606 0.6374654 0 P 0
L 0.6712598 0.0777559 0.7145669 0.0344488 0 P 0
L 0.6722441 0.6574803 0.6722441 0.6820866 0 P 0
L 0.6722441 0.6574803 0.7175197 0.6122047 0 P 0
L 0.6742126 0.9212598 0.683071 0.9212598 0 P 0
L 0.6791391 0.9497979 0.6791391 0.9586609 0 P 0
L 0.6791391 0.9497979 0.6919291 0.9370079 0 P 0
L 0.6791391 1.2145591 0.6919291 1.2273491 0 P 0
L 0.6820866 0.6604331 0.6820866 0.6850393 0 P 0
L 0.6820866 0.6604331 0.7214567 0.621063 0 P 0
L 0.683071 0.9212598 0.6886409 0.9156899 0 P 0
L 0.6840551 1.0728346 0.6930676 1.0818471 0 P 0
L 0.6886409 0.7783715 0.6886409 0.9156899 0 P 0
L 0.6886409 0.7783715 0.8248031 0.6422093 0 P 0
L 0.6904281 1.6977402 0.7632627 1.6977402 0 P 0
L 0.6919291 0.9251968 0.6919291 0.9370079 0 P 0
L 0.6919291 0.9251968 0.6958661 0.9212598 0 P 0
L 0.6919291 1.2273491 0.6919291 1.3070793 0 P 0
L 0.6919291 1.3070793 0.7627953 1.3779455 0 P 0
L 0.6929133 1.7037402 0.765748 1.7037402 0 P 0
L 0.6930676 1.0818471 0.6930676 1.2184193 0 P 0
L 0.6930676 1.2184193 0.7020105 1.2273622 0 P 0
L 0.694394 0.6643542 0.6958661 0.6658263 0 P 0
L 0.6946409 0.7808567 0.6946409 0.9108259 0 P 0
L 0.6946409 0.7808567 0.8326031 0.6428945 0 P 0
L 0.6946409 0.9108259 0.6958661 0.9120511 0 P 0
L 0.6958661 0.6658263 0.6958661 0.6824597 0 P 0
L 0.6958661 0.9120511 0.6958661 0.9212598 0 P 0
L 0.6998031 1.371063 0.6998031 1.4527559 0 P 0
L 0.6998031 1.4527559 0.7126 1.4655528 0 P 0
L 0.7020105 1.2273622 0.7086614 1.2273622 0 P 0
L 0.7047191 1.1889691 0.7142191 1.1984691 0 P 0
L 0.7047191 1.2401491 0.7144443 1.2498743 0 P 0
L 0.7076772 1.3661418 0.7076772 1.4458662 0 P 0
L 0.7076772 1.4458662 0.730315 1.468504 0 P 0
L 0.7086614 0.1555118 0.8100393 0.0541339 1 P 0
L 0.7086614 1.2273622 0.7204724 1.2391732 0 P 0
L 0.7090965 0.6613814 0.7090965 0.6777145 0 P 0
L 0.7096457 1.7165354 0.7677167 1.7165354 0 P 0
L 0.7120817 0.0284488 1.2388222 0.0284488 0 P 0
L 0.7126 1.4655528 0.7126 1.48032 0 P 0
L 0.7142191 1.1984691 0.7307355 1.1984691 0 P 0
L 0.7144443 1.2498743 0.7144443 1.3186472 0 P 0
L 0.7144443 1.3186472 0.7714852 1.3756881 0 P 0
L 0.7145669 0.0344488 1.236337 0.0344488 0 P 0
L 0.7165354 0.4596457 0.7165354 0.597441 0 P 0
L 0.7165354 0.4596457 0.7874016 0.3887795 0 P 0
L 0.7175197 0.6122047 0.7372047 0.6122047 0 P 0
L 0.7201847 0.6567838 0.7201847 0.6751115 0 P 0
L 0.7201847 0.6567838 0.7273622 0.6496063 0 P 0
L 0.7204724 1.2391732 0.7204724 1.3116347 0 P 0
L 0.7204724 1.3116347 0.7823228 1.3734851 0 P 0
L 0.7214567 0.621063 0.7470473 0.621063 0 P 0
L 0.7244094 0.4817837 0.7244094 0.4990157 0 P 0
L 0.7244094 0.4817837 0.7359436 0.4702495 0 P 0
L 0.7244094 0.4990157 0.730315 0.5049213 0 P 0
L 0.7273622 0.6496063 0.7470472 0.6496063 0 P 0
L 0.7276946 0.0410062 1.2344092 0.0410062 0 P 0
L 0.7303091 1.1889691 0.746063 1.204723 0 P 0
L 0.730315 0.5049213 0.7362205 0.5049213 0 P 0
L 0.730315 1.468504 0.730315 1.4940945 0 P 0
L 0.7307355 1.1984691 0.740063 1.2077966 0 P 0
L 0.7352362 0.4911417 0.7480315 0.4911417 0 P 0
L 0.7362205 0.5049213 0.7450787 0.5137795 0 P 0
L 0.7372047 0.6122047 0.7450787 0.6043307 0 P 0
L 0.7391732 0.4527559 0.7574682 0.4527559 0 P 0
L 0.740063 1.2077966 0.740063 1.3046505 0 P 0
L 0.740063 1.3046505 0.7401575 1.304745 0 P 0
L 0.7401575 1.304745 0.7401575 1.3139764 0 P 0
L 0.7401575 1.3139764 0.7982283 1.3720472 0 P 0
L 0.7429227 0.8505812 0.7429227 0.9847095 0 P 0
L 0.7429227 0.8505812 0.7588583 0.8346456 0 P 0
L 0.7429227 0.9847095 0.7519641 0.9937509 0 P 0
L 0.7449991 1.3818101 0.7449991 1.4813549 0 P 0
L 0.7450787 0.5137795 0.7450787 0.6043307 0 P 0
L 0.746063 1.204723 0.746063 1.3021653 0 P 0
L 0.746063 1.3021653 0.8047815 1.3608838 0 P 0
L 0.7470472 0.6496063 0.765748 0.6309055 0 P 0
L 0.7470473 0.621063 0.7529528 0.6151575 0 P 0
L 0.7480315 0.4911417 0.7529528 0.496063 0 P 0
L 0.7519641 0.9937509 0.7535934 0.9937509 0 P 0
L 0.7524227 0.9582869 0.7530222 0.9582869 0 P 0
L 0.7529528 0.496063 0.7529528 0.6151575 0 P 0
L 0.7530222 0.9582869 0.766192 0.9714567 0 P 0
L 0.7535934 0.9937509 0.7687008 1.0088583 0 P 0
L 0.7558991 0.9842509 0.7667269 0.9950787 0 P 0
L 0.7558991 1.1633791 0.7687008 1.1761808 0 P 0
L 0.7571193 1.5873689 0.7627953 1.5816929 0 P 0
L 0.7574682 0.4527559 0.765748 0.4610357 0 P 0
L 0.7588583 0.7509842 0.7588583 0.8346456 0 P 0
L 0.7588583 0.7509842 0.8425197 0.6673228 0 P 0
L 0.7627953 1.3779455 0.7627953 1.5816929 0 P 0
L 0.7632627 1.6977402 0.7982283 1.6627746 0 P 0
L 0.765748 0.4610357 0.765748 0.6309055 0 P 0
L 0.765748 1.7037402 0.8047815 1.6647067 0 P 0
L 0.7658594 1.5943768 0.7714852 1.588751 0 P 0
L 0.766192 0.9714567 0.8100394 0.9714567 0 P 0
L 0.7667269 0.9950787 0.785433 0.9950787 0 P 0
L 0.7677167 1.7165354 0.8118107 1.6724414 0 P 0
L 0.7687008 1.0088583 0.7687008 1.0994226 0 P 0
L 0.7687008 1.0994226 0.7814891 1.1122109 0 P 0
L 0.7687008 1.1761808 0.7687008 1.3139764 0 P 0
L 0.7687008 1.3139764 0.8118107 1.3570863 0 P 0
L 0.7714852 1.3756881 0.7714852 1.588751 0 P 0
L 0.7717549 0.4433649 0.7734769 0.4450869 0 P 0
L 0.7734769 0.4450869 0.7734769 0.4494772 0 P 0
L 0.7734769 0.4494772 0.773622 0.4496223 0 P 0
L 0.773622 0.4496223 0.773622 0.6379608 0 P 0
L 0.7806143 0.5059055 0.7806143 0.642614 0 P 0
L 0.7806143 0.5059055 0.7883858 0.498134 0 P 0
L 0.7823228 1.3734851 0.7823228 1.4839053 0 P 0
L 0.785433 0.9950787 0.7952756 1.0049213 0 P 0
L 0.7874016 0.3887795 0.7998274 0.3887795 0 P 0
L 0.7877219 0.5122578 0.7877219 0.6459205 0 P 0
L 0.7877219 0.5122578 0.7995785 0.5004012 0 P 0
L 0.7883858 0.0954724 0.7883858 0.1338583 0 P 0
L 0.7883858 0.0954724 0.805118 0.0787402 0 P 0
L 0.7883858 0.411957 0.7883858 0.498134 0 P 0
L 0.7883858 0.411957 0.7965214 0.4038214 0 P 0
L 0.7952756 1.0049213 0.7952756 1.0137795 0 P 0
L 0.7952756 1.0137795 0.8041339 1.0226378 0 P 0
L 0.7982283 1.3720472 0.7982283 1.6627746 0 P 0
L 0.7987119 0.5221382 0.7987119 0.5245736 0 P 0
L 0.7987119 0.5245736 0.8016607 0.5275224 0 P 0
L 0.7995785 0.4222461 0.7995785 0.5004012 0 P 0
L 0.7996206 0.5446799 0.8005855 0.5446799 0 P 0
L 0.7998274 0.3887795 0.8067172 0.3956693 0 P 0
L 0.8000188 0.5716953 0.8000188 0.5718691 0 P 0
L 0.8000188 0.5718691 0.8149606 0.5868109 0 P 0
L 0.8001495 0.6052556 0.8025849 0.6052556 0 P 0
L 0.8005855 0.5446799 0.8248031 0.5688975 0 P 0
L 0.8016607 0.5275224 0.8016607 0.5280386 0 P 0
L 0.8016607 0.5280386 0.8326031 0.558981 0 P 0
L 0.8025849 0.6052556 0.8055875 0.6082582 0 P 0
L 0.8041339 1.0226378 0.8232077 1.0226378 0 P 0
L 0.8047815 1.3608838 0.8047815 1.6647067 0 P 0
L 0.805118 0.0787402 0.8277559 0.0787402 0 P 0
L 0.8055875 0.6082582 0.805996 0.6082582 0 P 0
L 0.805996 0.6082582 0.8077534 0.6100156 0 P 0
L 0.8067172 0.3956693 0.8070866 0.3956693 0 P 0
L 0.8070791 0.9842509 0.8198819 0.9970537 0 P 0
L 0.8070866 0.3956693 0.8320695 0.4206522 0 P 0
L 0.8077534 0.6100156 0.8077534 0.6361874 0 P 0
L 0.8100393 0.0541339 1.2273622 0.0541339 1 P 0
L 0.8100394 0.9714567 0.8208661 0.9822834 0 P 0
L 0.8118107 1.3570863 0.8118107 1.6724414 0 P 0
L 0.8122621 0.0995351 0.8368936 0.1241666 0 P 0
L 0.8149606 0.5868109 0.8149606 0.6374654 0 P 0
L 0.8198819 0.9970537 0.8198819 1.0108268 0 P 0
L 0.8198819 1.0108268 0.8690945 1.0600394 0 P 0
L 0.8208661 0.9822834 0.8208661 0.9891732 0 P 0
L 0.8208661 0.9891732 0.8287401 0.9970472 0 P 0
L 0.8232077 1.0226378 0.8630945 1.0625246 0 P 0
L 0.8248031 0.5688975 0.8248031 0.6422093 0 P 0
L 0.8277559 0.0787402 0.8440028 0.0949871 0 P 0
L 0.8287401 0.9970472 0.8684833 0.9970472 0 P 0
L 0.8320695 0.4206522 0.8320695 0.4750947 0 P 0
L 0.8326031 0.558981 0.8326031 0.6428945 0 P 0
L 0.8326691 0.9586609 0.8494089 0.9586609 0 P 0
L 0.8326691 0.9842509 0.8641722 0.9842509 0 P 0
L 0.8326691 1.0098409 0.8727918 1.0098409 0 P 0
L 0.8368936 0.1241666 0.8368936 0.3323977 0 P 0
L 0.8368936 0.3323977 0.8425695 0.3380736 0 P 0
L 0.8425197 0.4794937 0.8425197 0.6673228 0 P 0
L 0.8425197 0.4794937 0.8425695 0.4794439 0 P 0
L 0.8425695 0.3380736 0.8425695 0.4794439 0 P 0
L 0.8440028 0.0949871 0.8440028 0.3164437 0 P 0
L 0.8440028 0.3164437 0.859252 0.3316929 0 P 0
L 0.8494089 0.9586609 0.9095433 1.0187953 0 P 0
L 0.859252 0.3316929 0.859252 0.4389764 0 P 0
L 0.859252 0.4389764 0.8996063 0.4793307 0 P 0
L 0.8630945 1.0625246 0.8630945 1.2784488 0 P 0
L 0.8630945 1.2784488 0.9350394 1.3503937 0 P 0
L 0.8641722 0.9842509 0.9035433 1.023622 0 P 0
L 0.8669603 0.4635444 0.8682796 0.4648637 0 P 0
L 0.8682796 0.4648637 0.8682796 0.5877023 0 P 0
L 0.8682796 0.5877023 0.8690945 0.5885172 0 P 0
L 0.8684833 0.9970472 0.8975433 1.0261072 0 P 0
L 0.8690945 0.5885172 0.8690945 0.6712598 0 P 0
L 0.8690945 1.0600394 0.8690945 1.261811 0 P 0
L 0.8690945 1.261811 0.9498031 1.3425196 0 P 0
L 0.8727918 1.0098409 0.8915433 1.0285924 0 P 0
L 0.886811 0.509387 0.886811 0.8346457 0 P 0
L 0.886811 0.509387 0.9200114 0.4761866 0 P 0
L 0.886811 0.8346457 0.9055118 0.8533465 0 P 0
L 0.8915433 1.0285924 0.8915433 1.2695586 0 P 0
L 0.8915433 1.2695586 0.9329233 1.3109386 0 P 0
L 0.8942442 0.5132361 0.8942442 0.8304954 0 P 0
L 0.8942442 0.5132361 0.9248701 0.4826102 0 P 0
L 0.8942442 0.8304954 0.9158976 0.8521488 0 P 0
L 0.8975433 1.0261072 0.8975433 1.2515009 0 P 0
L 0.8975433 1.2515009 0.946481 1.3004386 0 P 0
L 0.9005906 0.9822835 0.9055118 0.9773623 0 P 0
L 0.9012442 0.5239526 0.9012442 0.827596 0 P 0
L 0.9012442 0.5239526 0.9320866 0.4931102 0 P 0
L 0.9012442 0.827596 0.9228976 0.8492494 0 P 0
L 0.9035433 1.023622 0.9035433 1.2490157 0 P 0
L 0.9035433 1.2490157 0.9489662 1.2944386 0 P 0
L 0.9055118 0.8533465 0.9055118 0.9773623 0 P 0
L 0.9082442 0.5425432 0.9082442 0.8246966 0 P 0
L 0.9082442 0.5425432 0.9429134 0.507874 0 P 0
L 0.9082442 0.8246966 0.9298976 0.84635 0 P 0
L 0.9095433 1.0187953 0.9095433 1.2465305 0 P 0
L 0.9095433 1.2465305 0.9307293 1.2677165 0 P 0
L 0.9152442 0.5601495 0.9152442 0.8217972 0 P 0
L 0.9152442 0.5601495 0.9517717 0.523622 0 P 0
L 0.9152442 0.8217972 0.9368976 0.8434506 0 P 0
L 0.9158976 0.8521488 0.9158976 1.1119914 0 P 0
L 0.9158976 1.1119914 0.9647434 1.1608372 0 P 0
L 0.9200114 0.4761866 0.9621405 0.4761866 0 P 0
L 0.9222442 0.5767716 0.9222442 0.8188978 0 P 0
L 0.9222442 0.5767716 0.9370079 0.5620079 0 P 0
L 0.9222442 0.8188978 0.9438976 0.8405512 0 P 0
L 0.9228976 0.8492494 0.9228976 1.109092 0 P 0
L 0.9228976 1.109092 0.9619499 1.1481443 0 P 0
L 0.9248701 0.4826102 0.9364358 0.4826102 0 P 0
L 0.9291339 0.5974409 0.9291339 0.690945 0 P 0
L 0.9291339 0.5974409 0.9478346 0.5787402 0 P 0
L 0.9291339 0.690945 0.9576772 0.7194883 0 P 0
L 0.9291339 0.7647637 0.9291339 0.8129921 0 P 0
L 0.9291339 0.7647637 0.9576772 0.7362204 0 P 0
L 0.9291339 0.8129921 0.9537124 0.8375706 0 P 0
L 0.9298976 0.84635 0.9298976 1.1061926 0 P 0
L 0.9298976 1.1061926 0.9589261 1.1352211 0 P 0
L 0.9307293 1.2677165 0.968504 1.2677165 0 P 0
L 0.9329233 1.3109386 0.9467345 1.3109386 0 P 0
L 0.9364358 0.4826102 0.9622717 0.5084461 0 P 0
L 0.9368976 0.8434506 0.9368976 1.1032932 0 P 0
L 0.9368976 1.1032932 0.9562109 1.1226065 0 P 0
L 0.9370079 0.5620079 0.9675197 0.5620079 0 P 0
L 0.9438976 0.8405512 0.9438976 1.1003938 0 P 0
L 0.9438976 1.1003938 0.9546379 1.1111341 0 P 0
L 0.946481 1.3004386 0.9510837 1.3004386 0 P 0
L 0.9489662 1.2944386 0.9535689 1.2944386 0 P 0
L 0.9498031 1.3425196 0.9498031 1.4389763 0 P 0
L 0.9498031 1.4389763 0.9557087 1.4448819 0 P 0
L 0.9510837 1.3004386 0.9572345 1.3065894 0 P 0
L 0.9535689 1.2944386 0.9632345 1.3041042 0 P 0
L 0.9537124 0.8375706 0.9537124 1.0354309 0 P 0
L 0.9546379 1.1111341 0.9719949 1.1111341 0 P 0
L 0.9557087 1.4448819 1.1190945 1.4448819 0 P 0
L 0.9562109 1.1226065 0.9785783 1.1226065 0 P 0
L 0.9572345 1.3065894 0.9572345 1.4286912 0 P 0
L 0.9572345 1.4286912 0.9629252 1.4343819 0 P 0
L 0.9576772 0.7194883 0.9576772 0.7362204 0 P 0
L 0.9586596 0.5395293 0.9591112 0.5390777 0 P 0
L 0.9589261 1.1352211 0.9823274 1.1352211 0 P 0
L 0.9591112 0.5311317 0.9591112 0.5390777 0 P 0
L 0.9591112 0.5311317 0.9622717 0.5279712 0 P 0
L 0.9619499 1.1481443 0.9888111 1.1481443 0 P 0
L 0.9622717 0.5084461 0.9622717 0.5279712 0 P 0
L 0.9629252 1.4343819 1.1234437 1.4343819 0 P 0
L 0.9632345 1.3041042 0.9632345 1.4159904 0 P 0
L 0.9632345 1.4159904 0.975626 1.4283819 0 P 0
L 0.9647434 1.1608372 0.9943649 1.1608372 0 P 0
L 0.9665354 1.5413386 0.9999968 1.5748 2 P 0
L 0.968504 1.2677165 0.992126 1.2440945 0 P 0
L 0.975626 1.4283819 1.1695236 1.4283819 0 P 0
L 0.9901575 1.0728346 0.9901575 1.1296162 0 P 0
L 0.9901575 1.1296162 0.9918274 1.1312861 0 P 0
L 0.9918274 1.1312861 0.9918274 1.1315912 0 P 0
L 0.9918274 1.1315912 1.0137795 1.1535433 0 P 0
L 0.9999968 1.5748 1.1377984 1.5748 2 P 0
L 1.0056324 0.822585 1.0057449 0.822585 2 P 0
L 1.0057449 0.822585 1.0413386 0.8581787 2 P 0
L 1.0137795 1.1535433 1.0137795 1.1761811 0 P 0
L 1.0137795 1.1761811 1.0216535 1.1840551 0 P 0
L 1.0216535 1.1840551 1.0462598 1.1840551 0 P 0
L 1.0364173 1.1668852 1.0364173 1.1683071 2 P 0
L 1.0364173 1.1668852 1.0413386 1.1619639 2 P 0
L 1.0413386 0.8581787 1.0413386 1.1619639 2 P 0
L 1.0462598 1.1840551 1.0570866 1.1732283 0 P 0
L 1.0570866 0.992126 1.0570866 1.1732283 0 P 0
L 1.0570866 0.992126 1.0807087 0.9685039 0 P 0
L 1.0709809 1.4612093 1.0714109 1.4612093 0 P 0
L 1.0714109 1.4612093 1.0772383 1.4553819 0 P 0
L 1.0726278 0.5740634 1.0726278 0.7537301 0 P 0
L 1.0726278 0.7537301 1.0807087 0.761811 0 P 0
L 1.0772383 1.4553819 1.1736405 1.4553819 0 P 0
L 1.0807087 0.761811 1.0807087 0.9685039 0 P 0
L 1.1234437 1.4343819 1.1339437 1.4448819 0 P 0
L 1.1240157 0.5570866 1.1240157 0.5698818 0 P 0
L 1.1240157 0.5570866 1.1683071 0.5127952 0 P 0
L 1.1240157 0.5698818 1.1318898 0.5777559 0 P 0
L 1.1318898 0.5777559 1.1663386 0.5777559 0 P 0
L 1.1339437 1.4448819 1.1692913 1.4448819 0 P 0
L 1.1354787 0.566202 1.1646228 0.566202 2 P 0
L 1.1377984 1.5748 1.19685 1.5157484 2 P 0
L 1.1646228 0.566202 1.2470472 0.6486264 2 P 0
L 1.1663386 0.5777559 1.2372047 0.648622 0 P 0
L 1.1683071 0.4685039 1.1683071 0.5127952 0 P 0
L 1.1695236 1.4283819 1.180844 1.4397023 0 P 0
L 1.1736405 1.4553819 1.180844 1.4481784 0 P 0
L 1.180844 1.4397023 1.180844 1.4481784 0 P 0
L 1.1879921 0.6259843 1.2185039 0.6564961 0 P 0
L 1.19685 1.29921 1.19685 1.5157484 2 P 0
L 1.19685 1.29921 1.2470472 1.2490128 2 P 0
L 1.2185039 0.6564961 1.2185039 1.1909317 0 P 0
L 1.2185039 1.1909317 1.2277047 1.2001325 0 P 0
L 1.2273622 0.0541339 1.2509843 0.077756 1 P 0
L 1.2277047 1.2001325 1.2277047 1.2010091 0 P 0
L 1.2340897 1.2131158 1.2340897 1.2155512 0 P 0
L 1.2340897 1.2131158 1.2372047 1.2100008 0 P 0
L 1.2344092 0.0410062 1.2638048 0.0704018 0 P 0
L 1.236337 0.0344488 1.2710528 0.0691646 0 P 0
L 1.2372047 0.648622 1.2372047 1.2100008 0 P 0
L 1.2388222 0.0284488 1.2770528 0.0666794 0 P 0
L 1.2470472 0.6486264 1.2470472 1.2490128 2 P 0
L 1.2509843 0.077756 1.2509843 0.5541339 1 P 0
L 1.2509843 0.5541339 1.2667323 0.5698819 1 P 0
L 1.2566499 1.2697149 1.2566499 1.3097995 0 P 0
L 1.2566499 1.2697149 1.2567953 1.2695695 0 P 0
L 1.2566499 1.3097995 1.2667323 1.3198819 0 P 0
L 1.2567953 1.2475147 1.2567953 1.2695695 0 P 0
L 1.2567953 1.2475147 1.3109291 1.1933809 0 P 0
L 1.2627953 1.2499999 1.2627953 1.2805118 0 P 0
L 1.2627953 1.2499999 1.3169291 1.1958661 0 P 0
L 1.2627953 1.2805118 1.2726378 1.2903543 0 P 0
L 1.2638048 0.0704018 1.2638048 0.5461011 0 P 0
L 1.2638048 0.5461011 1.2787028 0.5609991 0 P 0
L 1.2662516 0.5698819 1.2662516 1.1484007 1 P 0
L 1.2662516 1.1484007 1.3005171 1.1826662 1 P 0
L 1.2710528 0.0691646 1.2710528 0.5448639 0 P 0
L 1.2710528 0.5448639 1.2847028 0.5585139 0 P 0
L 1.2746063 1.2568898 1.3021653 1.2568898 0 P 0
L 1.2770528 0.0666794 1.2770528 0.5423787 0 P 0
L 1.2770528 0.5423787 1.2907028 0.5560287 0 P 0
L 1.2787028 0.5609991 1.2787028 1.1448445 0 P 0
L 1.2787028 1.1448445 1.3109291 1.1770708 0 P 0
L 1.2847028 0.5585139 1.2847028 1.1419863 0 P 0
L 1.2847028 1.1419863 1.3169291 1.1742126 0 P 0
L 1.2907028 0.5560287 1.2907028 1.1395011 0 P 0
L 1.2907028 1.1395011 1.3229291 1.1717274 0 P 0
L 1.3021653 1.2568898 1.3229291 1.236126 0 P 0
L 1.3109291 1.1770708 1.3109291 1.1933809 0 P 0
L 1.3169291 1.1742126 1.3169291 1.1958661 0 P 0
L 1.3229291 1.1717274 1.3229291 1.236126 0 P 0
P 0.25984 1.04724 6 P 0 0 ;0=4,1=1
P 0.3415354 0.4330709 6 P 0 0 ;0=4,1=1
P 0.359252 1.269685 3 P 0 0 ;0=0,1=1
P 0.3809055 0.6555118 6 P 0 0 ;0=4,1=1
P 0.3996063 0.6555118 6 P 0 0 ;0=4,1=1
P 0.4202756 0.6545276 6 P 0 0 ;0=4,1=1
P 0.4212598 1.2647638 3 P 0 0 ;0=0,1=1
P 0.4253293 1.1151642 3 P 0 0 ;0=0,1=1
P 0.430281 0.6454644 4 P 0 0 ;0=1,1=1
P 0.4340551 1.2755906 3 P 0 0 ;0=0,1=1
P 0.445804 1.0606811 4 P 0 0 ;0=1,1=1
P 0.4488189 0.4301181 6 P 0 0 ;0=4,1=1
P 0.4488189 1.2667323 3 P 0 0 ;0=0,1=1
P 0.4636014 0.6339758 3 P 0 0 ;0=0,1=1
P 0.466561 0.5686351 6 P 0 0 ;0=4,1=1
P 0.4673976 0.5294876 6 P 0 0 ;0=4,1=1
P 0.4690505 1.2456671 4 P 0 0 ;0=1,1=1
P 0.4702724 1.3482874 3 P 0 0 ;0=0,1=1
P 0.4715693 0.9423463 4 P 0 0 ;0=1,1=1
P 0.4744109 0.9586609 4 P 0 0 ;0=1,1=1
P 0.4744109 0.9842509 4 P 0 0 ;0=1,1=1
P 0.4744109 1.0098409 4 P 0 0 ;0=1,1=1
P 0.4744109 1.0354309 4 P 0 0 ;0=1,1=1
P 0.4744109 1.2145591 4 P 0 0 ;0=1,1=1
P 0.4793307 1.363189 3 P 0 0 ;0=0,1=1
P 0.48032 0.0541387 3 P 0 0 ;0=0,1=1
P 0.4834321 0.1466636 3 P 0 0 ;0=0,1=1
P 0.4982487 0.9095874 4 P 0 0 ;0=1,1=1
P 0.4990937 0.0514523 3 P 0 0 ;0=0,1=1
P 0.5000009 0.9586609 4 P 0 0 ;0=1,1=1
P 0.5000009 0.9842509 4 P 0 0 ;0=1,1=1
P 0.5000009 1.0354309 4 P 0 0 ;0=1,1=1
P 0.5000009 1.2145591 4 P 0 0 ;0=1,1=1
P 0.5000009 1.2401491 4 P 0 0 ;0=1,1=1
P 0.5038178 0.9331651 4 P 0 0 ;0=1,1=1
P 0.523477 0.0955019 3 P 0 0 ;0=0,1=1
P 0.5246549 0.5115238 4 P 0 0 ;0=1,1=1
P 0.5255909 0.9586609 4 P 0 0 ;0=1,1=1
P 0.5255909 0.9842509 4 P 0 0 ;0=1,1=1
P 0.5255909 1.0098409 4 P 0 0 ;0=1,1=1
P 0.5255909 1.0354309 4 P 0 0 ;0=1,1=1
P 0.5255909 1.1633791 4 P 0 0 ;0=1,1=1
P 0.5255909 1.2145591 4 P 0 0 ;0=1,1=1
P 0.5255909 1.2401491 4 P 0 0 ;0=1,1=1
P 0.5482283 0.4517717 4 P 0 0 ;0=1,1=1
P 0.5482283 0.4832717 4 P 0 0 ;0=1,1=1
P 0.5492126 0.507874 4 P 0 0 ;0=1,1=1
P 0.5511809 0.9842509 4 P 0 0 ;0=1,1=1
P 0.5511809 1.0098409 4 P 0 0 ;0=1,1=1
P 0.5511809 1.0354309 4 P 0 0 ;0=1,1=1
P 0.5511809 1.0610209 4 P 0 0 ;0=1,1=1
P 0.5511809 1.0866209 4 P 0 0 ;0=1,1=1
P 0.5511809 1.1633791 4 P 0 0 ;0=1,1=1
P 0.5511809 1.1889691 4 P 0 0 ;0=1,1=1
P 0.5511809 1.2145591 4 P 0 0 ;0=1,1=1
P 0.55512 1.71654 6 P 0 0 ;0=4,1=1
P 0.5578335 0.8923488 4 P 0 0 ;0=1,1=1
P 0.5604997 0.6402993 4 P 0 0 ;0=1,1=1
P 0.5638035 0.9595818 4 P 0 0 ;0=1,1=1
P 0.5638875 0.9339797 4 P 0 0 ;0=1,1=1
P 0.5728346 1.7165354 6 P 0 0 ;0=4,1=1
P 0.5748031 1.3602362 3 P 0 0 ;0=0,1=1
P 0.5757874 0.5944882 4 P 0 0 ;0=1,1=1
P 0.5767709 1.0610209 4 P 0 0 ;0=1,1=1
P 0.5767709 1.0866209 4 P 0 0 ;0=1,1=1
P 0.5767709 1.1889691 4 P 0 0 ;0=1,1=1
P 0.5767709 1.2145591 4 P 0 0 ;0=1,1=1
P 0.5769344 0.5629403 4 P 0 0 ;0=1,1=1
P 0.5775088 0.5801717 4 P 0 0 ;0=1,1=1
P 0.5787402 0.5462598 4 P 0 0 ;0=1,1=1
P 0.5797183 0.4202817 4 P 0 0 ;0=1,1=1
P 0.5797183 0.4517717 4 P 0 0 ;0=1,1=1
P 0.5797183 0.4832717 4 P 0 0 ;0=1,1=1
P 0.5797244 0.6122047 4 P 0 0 ;0=1,1=1
P 0.5807087 0.507874 4 P 0 0 ;0=1,1=1
P 0.5845493 0.9599195 4 P 0 0 ;0=1,1=1
P 0.5856299 1.4409449 3 P 0 0 ;0=0,1=1
P 0.5882846 0.9062307 4 P 0 0 ;0=1,1=1
P 0.595242 1.4933015 6 P 0 0 ;0=4,1=1
P 0.5976013 0.8804979 4 P 0 0 ;0=1,1=1
P 0.6003276 0.1489567 5 P 0 0 ;0=3,1=1
P 0.6023609 1.1889691 4 P 0 0 ;0=1,1=1
P 0.6045174 0.9596989 4 P 0 0 ;0=1,1=1
P 0.6055103 0.9338286 4 P 0 0 ;0=1,1=1
P 0.6065583 0.9064141 4 P 0 0 ;0=1,1=1
P 0.6112183 0.4202817 4 P 0 0 ;0=1,1=1
P 0.6112183 0.4517717 4 P 0 0 ;0=1,1=1
P 0.6112183 0.4832717 4 P 0 0 ;0=1,1=1
P 0.6113285 1.6353414 6 P 0 0 ;0=4,1=1
P 0.6279509 0.9330709 4 P 0 0 ;0=1,1=1
P 0.6279509 0.9586609 4 P 0 0 ;0=1,1=1
P 0.6279509 0.9842509 4 P 0 0 ;0=1,1=1
P 0.6279509 1.2145591 4 P 0 0 ;0=1,1=1
P 0.6279509 1.2657391 4 P 0 0 ;0=1,1=1
P 0.6318898 0.1348425 3 P 0 0 ;0=0,1=1
P 0.6328107 1.6368701 6 P 0 0 ;0=4,1=1
P 0.6391487 0.8938633 4 P 0 0 ;0=1,1=1
P 0.644685 0.5167323 3 P 0 0 ;0=0,1=1
P 0.6476378 0.4704724 3 P 0 0 ;0=0,1=1
P 0.648622 0.4940945 3 P 0 0 ;0=0,1=1
P 0.6510013 1.7068518 6 P 0 0 ;0=4,1=1
P 0.6535509 0.9074809 4 P 0 0 ;0=1,1=1
P 0.6535509 0.9842409 4 P 0 0 ;0=1,1=1
P 0.6535509 1.0098309 4 P 0 0 ;0=1,1=1
P 0.6543328 0.6613454 3 P 0 0 ;0=0,1=1
P 0.6670749 1.7065224 6 P 0 0 ;0=4,1=1
P 0.6778508 1.2973903 4 P 0 0 ;0=1,1=1
P 0.6791391 0.9586609 4 P 0 0 ;0=1,1=1
P 0.6791391 1.1889691 4 P 0 0 ;0=1,1=1
P 0.6791391 1.2145591 4 P 0 0 ;0=1,1=1
P 0.694394 0.6643542 3 P 0 0 ;0=0,1=1
P 0.7047191 1.1889691 4 P 0 0 ;0=1,1=1
P 0.7047191 1.2401491 4 P 0 0 ;0=1,1=1
P 0.7090965 0.6613814 3 P 0 0 ;0=0,1=1
P 0.7096457 1.7165354 6 P 0 0 ;0=4,1=1
P 0.7126 1.48032 6 P 0 0 ;0=4,1=1
P 0.7303091 1.1889691 4 P 0 0 ;0=1,1=1
P 0.730315 1.4940945 6 P 0 0 ;0=4,1=1
P 0.7352362 0.4911417 3 P 0 0 ;0=0,1=1
P 0.7359436 0.4702495 3 P 0 0 ;0=0,1=1
P 0.7391732 0.4527559 3 P 0 0 ;0=0,1=1
P 0.7449991 1.4813549 6 P 0 0 ;0=4,1=1
P 0.7524227 0.9582869 4 P 0 0 ;0=1,1=1
P 0.7558991 0.9842509 4 P 0 0 ;0=1,1=1
P 0.7558991 1.1633791 4 P 0 0 ;0=1,1=1
P 0.7717549 0.4433649 3 P 0 0 ;0=0,1=1
P 0.7814891 1.1122109 4 P 0 0 ;0=1,1=1
P 0.7823228 1.4839053 6 P 0 0 ;0=4,1=1
P 0.7883858 0.1338583 4 P 0 0 ;0=1,1=1
P 0.7965214 0.4038214 3 P 0 0 ;0=0,1=1
P 0.7987119 0.5221382 3 P 0 0 ;0=0,1=1
P 0.7995785 0.4222461 3 P 0 0 ;0=0,1=1
P 0.7996206 0.5446799 3 P 0 0 ;0=0,1=1
P 0.8000188 0.5716953 3 P 0 0 ;0=0,1=1
P 0.8001495 0.6052556 3 P 0 0 ;0=0,1=1
P 0.8070791 0.9842509 4 P 0 0 ;0=1,1=1
P 0.8122621 0.0995351 5 P 0 0 ;0=2,1=1
P 0.8320695 0.4750947 3 P 0 0 ;0=0,1=1
P 0.8326691 0.9586609 4 P 0 0 ;0=1,1=1
P 0.8326691 0.9842509 4 P 0 0 ;0=1,1=1
P 0.8326691 1.0098409 4 P 0 0 ;0=1,1=1
P 0.8669603 0.4635444 4 P 0 0 ;0=1,1=1
P 0.8682796 0.5877023 4 P 0 0 ;0=1,1=1
P 0.8690945 0.6712598 4 P 0 0 ;0=1,1=1
P 0.8996063 0.4793307 4 P 0 0 ;0=1,1=1
P 0.9005906 0.9822835 4 P 0 0 ;0=1,1=1
P 0.9320866 0.4931102 3 P 0 0 ;0=0,1=1
P 0.9350394 1.3503937 3 P 0 0 ;0=0,1=1
P 0.9429134 0.507874 3 P 0 0 ;0=0,1=1
P 0.9467345 1.3109386 3 P 0 0 ;0=0,1=1
P 0.9478346 0.5787402 4 P 0 0 ;0=1,1=1
P 0.9517717 0.523622 3 P 0 0 ;0=0,1=1
P 0.9537124 1.0354309 4 P 0 0 ;0=1,1=1
P 0.9586596 0.5395293 3 P 0 0 ;0=0,1=1
P 0.9621405 0.4761866 3 P 0 0 ;0=0,1=1
P 0.9665354 1.5413386 6 P 0 0 ;0=4,1=1
P 0.9675197 0.5620079 3 P 0 0 ;0=0,1=1
P 0.9719949 1.1111341 4 P 0 0 ;0=1,1=1
P 0.9785783 1.1226065 4 P 0 0 ;0=1,1=1
P 0.9823274 1.1352211 4 P 0 0 ;0=1,1=1
P 0.9888111 1.1481443 4 P 0 0 ;0=1,1=1
P 0.9901575 1.0728346 4 P 0 0 ;0=1,1=1
P 0.992126 1.2440945 3 P 0 0 ;0=0,1=1
P 0.9943649 1.1608372 4 P 0 0 ;0=1,1=1
P 1.0056324 0.822585 3 P 0 0 ;0=0,1=1
P 1.0364173 1.1683071 3 P 0 0 ;0=0,1=1
P 1.0709809 1.4612093 3 P 0 0 ;0=0,1=1
P 1.0726278 0.5740634 4 P 0 0 ;0=1,1=1
P 1.1190945 1.4448819 3 P 0 0 ;0=0,1=1
P 1.1354787 0.566202 6 P 0 0 ;0=4,1=1
P 1.1683071 0.4685039 3 P 0 0 ;0=0,1=1
P 1.1692913 1.4448819 3 P 0 0 ;0=0,1=1
P 1.1879921 0.6259843 4 P 0 0 ;0=1,1=1
P 1.2277047 1.2010091 4 P 0 0 ;0=1,1=1
P 1.2340897 1.2155512 4 P 0 0 ;0=1,1=1
P 1.2667323 0.5698819 3 P 0 0 ;0=0,1=1
P 1.2667323 1.3198819 3 P 0 0 ;0=0,1=1
P 1.2726378 1.2903543 3 P 0 0 ;0=0,1=1
P 1.2746063 1.2568898 3 P 0 0 ;0=0,1=1
P 1.3005171 1.1826662 6 P 0 0 ;0=4,1=1
