#Layer_Color=32768
#
#Feature symbol names
#
$0 r1.9685
$1 r3.937

#
#Feature attribute names
#

#
#Layer features
#
A 0.2899226 1.00394 0.2899226 1.00394 0.2834265 1.00394 0 P 0 N
A 0.2899226 1.1063 0.2899226 1.1063 0.2834265 1.1063 0 P 0 N
A 0.5094626 1.077 0.5094626 1.077 0.5029665 1.077 0 P 0 N
A 0.516809 1.231 0.516809 1.231 0.5069665 1.231 0 P 0 N
A 0.5316202 1.3616637 0.5316202 1.3616637 0.5217777 1.3616637 0 P 0 N
A 0.6244626 1.579 0.6244626 1.579 0.6179665 1.579 0 P 0 N
A 0.649809 1.3621206 0.649809 1.3621206 0.6399665 1.3621206 0 P 0 N
A 0.774925 1.3621206 0.774925 1.3621206 0.7650825 1.3621206 0 P 0 N
A 0.8739757 1.3621206 0.8739757 1.3621206 0.8641332 1.3621206 0 P 0 N
A 0.897809 1.234 0.897809 1.234 0.8879665 1.234 0 P 0 N
A 0.9789026 1.49213 0.9789026 1.49213 0.9724065 1.49213 0 P 0 N
A 1.0034626 1.075 1.0034626 1.075 0.9969665 1.075 0 P 0 N
A 1.1245726 1.00394 1.1245726 1.00394 1.1180765 1.00394 0 P 0 N
A 1.1245726 1.1063 1.1245726 1.1063 1.1180765 1.1063 0 P 0 N
A 1.230279 0.66929 1.230279 0.66929 1.2204365 0.66929 0 P 0 N
L 0.1495754 0.8700726 0.1495754 1.043301 1 P 0
L 0.1495754 0.8700726 0.2519376 0.8700726 1 P 0
L 0.1495754 1.043301 0.2519376 1.043301 1 P 0
L 0.1495754 1.066929 0.1495754 1.2401574 1 P 0
L 0.1495754 1.066929 0.2519376 1.066929 1 P 0
L 0.1495754 1.2401574 0.2519376 1.2401574 1 P 0
L 0.1810714 1.1535433 0.2204415 1.1535433 1 P 0
L 0.1810715 0.9566867 0.2204416 0.9566867 1 P 0
L 0.2007565 0.9370017 0.2007565 0.9763718 1 P 0
L 0.2007565 1.1338582 0.2007565 1.1732283 1 P 0
L 0.2479934 0.9866172 0.2479934 1.0212628 0 P 0
L 0.2479934 0.9866172 0.3188596 0.9866172 0 P 0
L 0.2479934 1.0212628 0.3188596 1.0212628 0 P 0
L 0.2479934 1.0889772 0.2479934 1.1236228 0 P 0
L 0.2479934 1.0889772 0.3188596 1.0889772 0 P 0
L 0.2479934 1.1236228 0.3188596 1.1236228 0 P 0
L 0.2519376 0.8700726 0.2519376 1.043301 1 P 0
L 0.2519376 1.066929 0.2519376 1.2401574 1 P 0
L 0.2637486 0.0393712 0.2637486 0.0866152 1 P 0
L 0.2637486 0.0393712 0.3641423 0.0393712 1 P 0
L 0.2637486 0.0866152 0.3641423 0.0866152 1 P 0
L 0.2747651 1.00394 0.2920879 1.00394 0 P 0
L 0.2747651 1.1063 0.2920879 1.1063 0 P 0
L 0.2834265 0.9952786 0.2834265 1.0126014 0 P 0
L 0.2834265 1.0976386 0.2834265 1.1149614 0 P 0
L 0.2991817 0.0629932 0.3306777 0.0629932 1 P 0
L 0.3109854 0.354329 0.3109854 0.5275574 1 P 0
L 0.3109854 0.354329 0.4133476 0.354329 1 P 0
L 0.3109854 0.5275574 0.4133476 0.5275574 1 P 0
L 0.3149297 0.0472452 0.3149297 0.0787412 1 P 0
L 0.3188596 0.9866172 0.3188596 1.0212628 0 P 0
L 0.3188596 1.0889772 0.3188596 1.1236228 0 P 0
L 0.3424815 0.4409433 0.3818516 0.4409433 1 P 0
L 0.3621665 0.4212582 0.3621665 0.4606283 1 P 0
L 0.3641423 0.0393712 0.3641423 0.0866152 1 P 0
L 0.4133476 0.354329 0.4133476 0.5275574 1 P 0
L 0.4675334 1.0596772 0.4675334 1.0943228 0 P 0
L 0.4675334 1.0596772 0.5383996 1.0596772 0 P 0
L 0.4675334 1.0943228 0.5383996 1.0943228 0 P 0
L 0.4699586 1.1676142 0.4699586 1.2943858 0 P 0
L 0.4699586 1.1676142 0.5439744 1.1676142 0 P 0
L 0.4699586 1.2943858 0.5439744 1.2943858 0 P 0
L 0.4847698 1.2982779 0.4847698 1.4250495 0 P 0
L 0.4847698 1.2982779 0.5587856 1.2982779 0 P 0
L 0.4847698 1.4250495 0.5587856 1.4250495 0 P 0
L 0.493187 1.231 0.520746 1.231 0 P 0
L 0.4943051 1.077 0.5116279 1.077 0 P 0
L 0.5029665 1.0683386 0.5029665 1.0856614 0 P 0
L 0.5069665 1.2172205 0.5069665 1.2447795 0 P 0
L 0.5079982 1.3616637 0.5355572 1.3616637 0 P 0
L 0.5217777 1.3478842 0.5217777 1.3754432 0 P 0
L 0.5383996 1.0596772 0.5383996 1.0943228 0 P 0
L 0.5439744 1.1676142 0.5439744 1.2943858 0 P 0
L 0.5587856 1.2982779 0.5587856 1.4250495 0 P 0
L 0.5825334 1.5616772 0.5825334 1.5963228 0 P 0
L 0.5825334 1.5616772 0.6533996 1.5616772 0 P 0
L 0.5825334 1.5963228 0.6533996 1.5963228 0 P 0
L 0.6029586 1.2987348 0.6029586 1.4255064 0 P 0
L 0.6029586 1.2987348 0.6769744 1.2987348 0 P 0
L 0.6029586 1.4255064 0.6769744 1.4255064 0 P 0
L 0.6093051 1.579 0.6266279 1.579 0 P 0
L 0.6179665 1.5703386 0.6179665 1.5876614 0 P 0
L 0.626187 1.3621206 0.653746 1.3621206 0 P 0
L 0.6399665 1.3483411 0.6399665 1.3759001 0 P 0
L 0.6533996 1.5616772 0.6533996 1.5963228 0 P 0
L 0.6769744 1.2987348 0.6769744 1.4255064 0 P 0
L 0.6850013 1.4901573 0.6850013 1.6673227 0 P 0
L 0.6850013 1.4901573 0.8818517 1.4901573 0 P 0
L 0.6850013 1.6673227 0.8818517 1.6673227 0 P 0
L 0.7280746 1.2987348 0.7280746 1.4255064 0 P 0
L 0.7280746 1.2987348 0.8020904 1.2987348 0 P 0
L 0.7280746 1.4255064 0.8020904 1.4255064 0 P 0
L 0.751303 1.3621206 0.778862 1.3621206 0 P 0
L 0.7650825 1.3483411 0.7650825 1.3759001 0 P 0
L 0.8020904 1.2987348 0.8020904 1.4255064 0 P 0
L 0.8271253 1.2987348 0.8271253 1.4255064 0 P 0
L 0.8271253 1.2987348 0.9011411 1.2987348 0 P 0
L 0.8271253 1.4255064 0.9011411 1.4255064 0 P 0
L 0.8503537 1.3621206 0.8779127 1.3621206 0 P 0
L 0.8509586 1.1706142 0.8509586 1.2973858 0 P 0
L 0.8509586 1.1706142 0.9249744 1.1706142 0 P 0
L 0.8509586 1.2973858 0.9249744 1.2973858 0 P 0
L 0.8641332 1.3483411 0.8641332 1.3759001 0 P 0
L 0.874187 1.234 0.901746 1.234 0 P 0
L 0.8818517 1.4901573 0.8818517 1.6673227 0 P 0
L 0.8879665 1.2202205 0.8879665 1.2477795 0 P 0
L 0.9011411 1.2987348 0.9011411 1.4255064 0 P 0
L 0.9249744 1.1706142 0.9249744 1.2973858 0 P 0
L 0.9330455 1.5039389 0.9330455 1.6063011 1 P 0
L 0.9330455 1.5039389 1.1062739 1.5039389 1 P 0
L 0.9330455 1.6063011 1.1062739 1.6063011 1 P 0
L 0.9369734 1.4748072 0.9369734 1.5094528 0 P 0
L 0.9369734 1.4748072 1.0078396 1.4748072 0 P 0
L 0.9369734 1.5094528 1.0078396 1.5094528 0 P 0
L 0.9615334 1.0576772 0.9615334 1.0923228 0 P 0
L 0.9615334 1.0576772 1.0323996 1.0576772 0 P 0
L 0.9615334 1.0923228 1.0323996 1.0923228 0 P 0
L 0.9637451 1.49213 0.9810679 1.49213 0 P 0
L 0.9724065 1.4834686 0.9724065 1.5007914 0 P 0
L 0.9883051 1.075 1.0056279 1.075 0 P 0
L 0.9969665 1.0663386 0.9969665 1.0836614 0 P 0
L 0.9999747 1.55512 1.0393448 1.55512 1 P 0
L 1.0078396 1.4748072 1.0078396 1.5094528 0 P 0
L 1.0196598 1.535435 1.0196598 1.5748051 1 P 0
L 1.0323996 1.0576772 1.0323996 1.0923228 0 P 0
L 1.0826434 0.9866172 1.0826434 1.0212628 0 P 0
L 1.0826434 0.9866172 1.1535096 0.9866172 0 P 0
L 1.0826434 1.0212628 1.1535096 1.0212628 0 P 0
L 1.0826434 1.0889772 1.0826434 1.1236228 0 P 0
L 1.0826434 1.0889772 1.1535096 1.0889772 0 P 0
L 1.0826434 1.1236228 1.1535096 1.1236228 0 P 0
L 1.0826454 0.3543258 1.0826454 0.5275542 1 P 0
L 1.0826454 0.3543258 1.1850076 0.3543258 1 P 0
L 1.0826454 0.5275542 1.1850076 0.5275542 1 P 0
L 1.1062739 1.5039389 1.1062739 1.6063011 1 P 0
L 1.1094151 1.00394 1.1267379 1.00394 0 P 0
L 1.1094151 1.1063 1.1267379 1.1063 0 P 0
L 1.1141414 0.4409399 1.1535115 0.4409399 1 P 0
L 1.1180765 0.9952786 1.1180765 1.0126014 0 P 0
L 1.1180765 1.0976386 1.1180765 1.1149614 0 P 0
L 1.1338265 0.4212549 1.1338265 0.460625 1 P 0
L 1.1357907 0.0393648 1.1357907 0.0866088 1 P 0
L 1.1357907 0.0393648 1.2361844 0.0393648 1 P 0
L 1.1357907 0.0866088 1.2361844 0.0866088 1 P 0
L 1.1495754 0.8700726 1.1495754 1.043301 1 P 0
L 1.1495754 0.8700726 1.2519376 0.8700726 1 P 0
L 1.1495754 1.043301 1.2519376 1.043301 1 P 0
L 1.1495754 1.066929 1.1495754 1.2401574 1 P 0
L 1.1495754 1.066929 1.2519376 1.066929 1 P 0
L 1.1495754 1.2401574 1.2519376 1.2401574 1 P 0
L 1.1535096 0.9866172 1.1535096 1.0212628 0 P 0
L 1.1535096 1.0889772 1.1535096 1.1236228 0 P 0
L 1.1692553 0.0629868 1.2007513 0.0629868 1 P 0
L 1.1810714 1.1535433 1.2204415 1.1535433 1 P 0
L 1.1810715 0.9566867 1.2204416 0.9566867 1 P 0
L 1.1850033 0.0472388 1.1850033 0.0787348 1 P 0
L 1.1850076 0.3543258 1.1850076 0.5275542 1 P 0
L 1.1932711 0.6145656 1.1932711 0.7240144 0 P 0
L 1.1932711 0.6145656 1.2476019 0.6145656 0 P 0
L 1.1932711 0.7240144 1.2476019 0.7240144 0 P 0
L 1.2007565 0.9370017 1.2007565 0.9763718 1 P 0
L 1.2007565 1.1338582 1.2007565 1.1732283 1 P 0
L 1.2068538 0.66929 1.2340192 0.66929 0 P 0
L 1.2204365 0.6557073 1.2204365 0.6828727 0 P 0
L 1.2361844 0.0393648 1.2361844 0.0866088 1 P 0
L 1.2476019 0.6145656 1.2476019 0.7240144 0 P 0
L 1.2519376 0.8700726 1.2519376 1.043301 1 P 0
L 1.2519376 1.066929 1.2519376 1.2401574 1 P 0
