#Layer_Color=9474304
#
#Feature symbol names
#
$0 r5

#
#Feature attribute names
#

#
#Layer features
#
L -0.52942 -0.03601 -0.52942 0.00399 0 P 0
L -0.52942 -0.13601 -0.52942 -0.09601 0 P 0
L -0.52942 -0.23601 -0.52942 -0.19601 0 P 0
L -0.52942 0.06399 -0.52942 0.10399 0 P 0
L -0.52942 0.16399 -0.52942 0.20399 0 P 0
L -0.52942 0.26399 -0.52942 0.30399 0 P 0
L -0.52942 0.36399 -0.52942 0.40399 0 P 0
L -0.52942 0.46399 -0.52942 0.50399 0 P 0
L -0.53729 0.72475 -0.53729 0.74875 0 P 0
L -0.53729 0.89798 -0.53729 0.92198 0 P 0
L -0.53729 1.0712 -0.53729 1.0952 0 P 0
L -0.54517 0.78687 -0.54517 0.79687 0 P 0
L -0.54517 1.02309 -0.54517 1.03309 0 P 0
L -0.54929 0.73675 -0.52529 0.73675 0 P 0
L -0.54929 0.90998 -0.52529 0.90998 0 P 0
L -0.54929 1.0832 -0.52529 1.0832 0 P 0
L -0.54942 -0.01601 -0.50942 -0.01601 0 P 0
L -0.54942 -0.11601 -0.50942 -0.11601 0 P 0
L -0.54942 -0.21601 -0.50942 -0.21601 0 P 0
L -0.54942 0.08399 -0.50942 0.08399 0 P 0
L -0.54942 0.18399 -0.50942 0.18399 0 P 0
L -0.54942 0.28399 -0.50942 0.28399 0 P 0
L -0.54942 0.38399 -0.50942 0.38399 0 P 0
L -0.54942 0.48399 -0.50942 0.48399 0 P 0
L -0.55017 0.79187 -0.54017 0.79187 0 P 0
L -0.55017 1.02809 -0.54017 1.02809 0 P 0
L -0.55698 0.76718 -0.55698 0.77718 0 P 0
L -0.55698 1.04277 -0.55698 1.05277 0 P 0
L -0.56198 0.77218 -0.55198 0.77218 0 P 0
L -0.56198 1.04777 -0.55198 1.04777 0 P 0
L -0.56879 0.67663 -0.56879 0.68663 0 P 0
L -0.56879 0.78687 -0.56879 0.79687 0 P 0
L -0.56879 1.02309 -0.56879 1.03309 0 P 0
L -0.56879 1.13332 -0.56879 1.14332 0 P 0
L -0.57379 0.68163 -0.56379 0.68163 0 P 0
L -0.57379 0.79187 -0.56379 0.79187 0 P 0
L -0.57379 1.02809 -0.56379 1.02809 0 P 0
L -0.57379 1.13832 -0.56379 1.13832 0 P 0
L -0.588 1.29588 -0.588 1.40612 0 P 0
L -0.614 0.5325 -0.614 0.5475 0 P 0
L -0.6215 0.54 -0.6065 0.54 0 P 0
L -0.64312 1.351 -0.53288 1.351 0 P 0
L -0.64753 0.47278 -0.64753 0.49678 0 P 0
L -0.652 -0.0455 -0.652 -0.0305 0 P 0
L -0.6595 -0.038 -0.6445 -0.038 0 P 0
L -0.65953 0.48478 -0.63553 0.48478 0 P 0
L -0.724 1.2975 -0.724 1.3125 0 P 0
L -0.7315 1.305 -0.7165 1.305 0 P 0
L -0.735 0.271 -0.735 0.295 0 P 0
L -0.747 0.283 -0.723 0.283 0 P 0
L -0.75182 -0.0526245 -0.75182 -0.0250655 0 P 0
L -0.752 0.6185 -0.752 0.6335 0 P 0
L -0.7595 0.626 -0.7445 0.626 0 P 0
L -0.7655995 -0.038845 -0.7380405 -0.038845 0 P 0
L -0.782 0.4155 -0.782 0.4305 0 P 0
L -0.7895 0.423 -0.7745 0.423 0 P 0
L -0.80107 0.89206 -0.80107 0.93734 0 P 0
L -0.80107 1.34009 -0.80107 1.38537 0 P 0
L -0.82371 0.9147 -0.77843 0.9147 0 P 0
L -0.82371 1.36273 -0.77843 1.36273 0 P 0
L -0.90107 0.89206 -0.90107 0.93734 0 P 0
L -0.90107 1.34009 -0.90107 1.38537 0 P 0
L -0.92371 0.9147 -0.87843 0.9147 0 P 0
L -0.92371 1.36273 -0.87843 1.36273 0 P 0
L -0.973 1.3715 -0.973 1.3865 0 P 0
L -0.9748889 0.6918954 -0.9748889 0.7068954 0 P 0
L -0.97824 0.31746 -0.97824 0.35289 0 P 0
L -0.9805 1.379 -0.9655 1.379 0 P 0
L -0.9823889 0.6993954 -0.9673889 0.6993954 0 P 0
L -0.994 0.4755 -0.994 0.4905 0 P 0
L -0.995955 0.335175 -0.960525 0.335175 0 P 0
L -1.0015 0.483 -0.9865 0.483 0 P 0
L -1.0184 0.27415 -1.0184 0.30958 0 P 0
L -1.036115 0.291865 -1.000685 0.291865 0 P 0
L -1.05856 0.31746 -1.05856 0.35289 0 P 0
L -1.076275 0.335175 -1.040845 0.335175 0 P 0
L -1.0942788 1.2447037 -1.0942788 1.2687037 0 P 0
L -1.09871 0.27415 -1.09871 0.30958 0 P 0
L -1.1062788 1.2567037 -1.0822788 1.2567037 0 P 0
L -1.116425 0.291865 -1.080995 0.291865 0 P 0
L -1.13887 0.31746 -1.13887 0.35289 0 P 0
L -1.147 0.5565 -1.147 0.5715 0 P 0
L -1.1545 0.564 -1.1395 0.564 0 P 0
L -1.156585 0.335175 -1.121155 0.335175 0 P 0
L -1.17903 0.27415 -1.17903 0.30958 0 P 0
L -1.186 1.244 -1.186 1.268 0 P 0
L -1.196745 0.291865 -1.161315 0.291865 0 P 0
L -1.198 1.256 -1.174 1.256 0 P 0
L -1.21918 0.31746 -1.21918 0.35289 0 P 0
L -1.236895 0.335175 -1.201465 0.335175 0 P 0
L -1.244 0.4775 -1.244 0.4925 0 P 0
L -1.2515 0.485 -1.2365 0.485 0 P 0
L -1.25934 0.27415 -1.25934 0.30958 0 P 0
L -1.266 1.3435 -1.266 1.3585 0 P 0
L -1.2735 1.351 -1.2585 1.351 0 P 0
L -1.277055 0.291865 -1.241625 0.291865 0 P 0
L -1.342 0.5585 -1.342 0.5735 0 P 0
L -1.3495 0.566 -1.3345 0.566 0 P 0
L -1.43532 0.89206 -1.43532 0.93734 0 P 0
L -1.43532 1.34009 -1.43532 1.38537 0 P 0
L -1.45796 0.9147 -1.41268 0.9147 0 P 0
L -1.45796 1.36273 -1.41268 1.36273 0 P 0
L -1.48568 -0.0526245 -1.48568 -0.0250655 0 P 0
L -1.4994595 -0.038845 -1.4719005 -0.038845 0 P 0
L -1.506 0.265 -1.506 0.289 0 P 0
L -1.508 0.3545 -1.508 0.3695 0 P 0
L -1.5155 0.362 -1.5005 0.362 0 P 0
L -1.518 0.277 -1.494 0.277 0 P 0
L -1.53532 0.89206 -1.53532 0.93734 0 P 0
L -1.53532 1.34009 -1.53532 1.38537 0 P 0
L -1.55796 0.9147 -1.51268 0.9147 0 P 0
L -1.55796 1.36273 -1.51268 1.36273 0 P 0
L -1.57666 0.55852 -1.57666 0.56852 0 P 0
L -1.57666 0.59002 -1.57666 0.60002 0 P 0
L -1.58166 0.56352 -1.57166 0.56352 0 P 0
L -1.58166 0.59502 -1.57166 0.59502 0 P 0
L -1.592 0.6285 -1.592 0.6435 0 P 0
L -1.5995 0.636 -1.5845 0.636 0 P 0
L -1.601 -0.0405 -1.601 -0.0255 0 P 0
L -1.60816 0.0782 -1.60816 0.0882 0 P 0
L -1.60816 0.18057 -1.60816 0.19057 0 P 0
L -1.6085 -0.033 -1.5935 -0.033 0 P 0
L -1.61316 0.0832 -1.60316 0.0832 0 P 0
L -1.61316 0.18557 -1.60316 0.18557 0 P 0
L -1.61603 0.26806 -1.61603 0.29206 0 P 0
L -1.62803 0.28006 -1.60403 0.28006 0 P 0
L -1.70501 -0.03601 -1.70501 0.00399 0 P 0
L -1.70501 -0.13601 -1.70501 -0.09601 0 P 0
L -1.70501 -0.23601 -1.70501 -0.19601 0 P 0
L -1.70501 0.06399 -1.70501 0.10399 0 P 0
L -1.70501 0.16399 -1.70501 0.20399 0 P 0
L -1.70501 0.26399 -1.70501 0.30399 0 P 0
L -1.70501 0.36399 -1.70501 0.40399 0 P 0
L -1.70501 0.46399 -1.70501 0.50399 0 P 0
L -1.72501 -0.01601 -1.68501 -0.01601 0 P 0
L -1.72501 -0.11601 -1.68501 -0.11601 0 P 0
L -1.72501 -0.21601 -1.68501 -0.21601 0 P 0
L -1.72501 0.08399 -1.68501 0.08399 0 P 0
L -1.72501 0.18399 -1.68501 0.18399 0 P 0
L -1.72501 0.28399 -1.68501 0.28399 0 P 0
L -1.72501 0.38399 -1.68501 0.38399 0 P 0
L -1.72501 0.48399 -1.68501 0.48399 0 P 0
L -1.73038 1.044 -1.73038 1.054 0 P 0
L -1.73538 1.049 -1.72538 1.049 0 P 0
L -1.74219 1.02432 -1.74219 1.03432 0 P 0
L -1.74719 1.02932 -1.73719 1.02932 0 P 0
L -1.748 1.29588 -1.748 1.40612 0 P 0
L -1.754 1.044 -1.754 1.054 0 P 0
L -1.759 1.049 -1.749 1.049 0 P 0
L -1.76564 0.67663 -1.76564 0.68663 0 P 0
L -1.76564 0.78687 -1.76564 0.79687 0 P 0
L -1.76564 1.02309 -1.76564 1.03309 0 P 0
L -1.76564 1.13332 -1.76564 1.14332 0 P 0
L -1.77064 0.68163 -1.76064 0.68163 0 P 0
L -1.77064 0.79187 -1.76064 0.79187 0 P 0
L -1.77064 1.02809 -1.76064 1.02809 0 P 0
L -1.77064 1.13832 -1.76064 1.13832 0 P 0
L -1.77745 0.76718 -1.77745 0.77718 0 P 0
L -1.77745 1.04277 -1.77745 1.05277 0 P 0
L -1.78245 0.77218 -1.77245 0.77218 0 P 0
L -1.78245 1.04777 -1.77245 1.04777 0 P 0
L -1.78926 0.78687 -1.78926 0.79687 0 P 0
L -1.78926 1.02309 -1.78926 1.03309 0 P 0
L -1.79426 0.79187 -1.78426 0.79187 0 P 0
L -1.79426 1.02809 -1.78426 1.02809 0 P 0
L -1.79713 0.72475 -1.79713 0.74875 0 P 0
L -1.79713 0.89798 -1.79713 0.92198 0 P 0
L -1.79713 1.0712 -1.79713 1.0952 0 P 0
L -1.80312 1.351 -1.69288 1.351 0 P 0
L -1.80501 -0.03601 -1.80501 0.00399 0 P 0
L -1.80501 -0.13601 -1.80501 -0.09601 0 P 0
L -1.80501 -0.23601 -1.80501 -0.19601 0 P 0
L -1.80501 0.06399 -1.80501 0.10399 0 P 0
L -1.80501 0.16399 -1.80501 0.20399 0 P 0
L -1.80501 0.26399 -1.80501 0.30399 0 P 0
L -1.80501 0.36399 -1.80501 0.40399 0 P 0
L -1.80501 0.46399 -1.80501 0.50399 0 P 0
L -1.80913 0.73675 -1.78513 0.73675 0 P 0
L -1.80913 0.90998 -1.78513 0.90998 0 P 0
L -1.80913 1.0832 -1.78513 1.0832 0 P 0
L -1.82501 -0.01601 -1.78501 -0.01601 0 P 0
L -1.82501 -0.11601 -1.78501 -0.11601 0 P 0
L -1.82501 -0.21601 -1.78501 -0.21601 0 P 0
L -1.82501 0.08399 -1.78501 0.08399 0 P 0
L -1.82501 0.18399 -1.78501 0.18399 0 P 0
L -1.82501 0.28399 -1.78501 0.28399 0 P 0
L -1.82501 0.38399 -1.78501 0.38399 0 P 0
L -1.82501 0.48399 -1.78501 0.48399 0 P 0
