#Layer_Color=9474304
#
#Feature symbol names
#
$0 r5

#
#Feature attribute names
#

#
#Layer features
#
L 0.0409449 1.425 0.1590551 1.425 0 P 0
L 0.04299 0.06299 0.08299 0.06299 0 P 0
L 0.04299 0.16299 0.08299 0.16299 0 P 0
L 0.04299 0.26299 0.08299 0.26299 0 P 0
L 0.04299 0.36299 0.08299 0.36299 0 P 0
L 0.04299 0.46299 0.08299 0.46299 0 P 0
L 0.04299 0.56299 0.08299 0.56299 0 P 0
L 0.04299 0.66299 0.08299 0.66299 0 P 0
L 0.04299 0.76299 0.08299 0.76299 0 P 0
L 0.0462126 1.0649606 0.0522126 1.0649606 0 P 0
L 0.0462126 1.0866142 0.0522126 1.0866142 0 P 0
L 0.0467085 1.1102337 0.0517085 1.1102337 0 P 0
L 0.0492085 1.1077337 0.0492085 1.1127337 0 P 0
L 0.0492126 1.0619606 0.0492126 1.0679606 0 P 0
L 0.0492126 1.0836142 0.0492126 1.0896142 0 P 0
L 0.06299 0.04299 0.06299 0.08299 0 P 0
L 0.06299 0.14299 0.06299 0.18299 0 P 0
L 0.06299 0.24299 0.06299 0.28299 0 P 0
L 0.06299 0.34299 0.06299 0.38299 0 P 0
L 0.06299 0.44299 0.06299 0.48299 0 P 0
L 0.06299 0.54299 0.06299 0.58299 0 P 0
L 0.06299 0.64299 0.06299 0.68299 0 P 0
L 0.06299 0.74299 0.06299 0.78299 0 P 0
L 0.0648819 1.63 0.1751181 1.63 0 P 0
L 0.08261 1.26772 0.09061 1.26772 0 P 0
L 0.08661 1.26372 0.08661 1.27172 0 P 0
L 0.1 1.3659449 0.1 1.4840551 0 P 0
L 0.1117545 1.2404016 0.1197545 1.2404016 0 P 0
L 0.1157545 1.2364016 0.1157545 1.2444016 0 P 0
L 0.12 1.5748819 0.12 1.6851181 0 P 0
L 0.14299 0.06299 0.18299 0.06299 0 P 0
L 0.14299 0.16299 0.18299 0.16299 0 P 0
L 0.14299 0.26299 0.18299 0.26299 0 P 0
L 0.14299 0.36299 0.18299 0.36299 0 P 0
L 0.14299 0.46299 0.18299 0.46299 0 P 0
L 0.14299 0.56299 0.18299 0.56299 0 P 0
L 0.14299 0.66299 0.18299 0.66299 0 P 0
L 0.14299 0.76299 0.18299 0.76299 0 P 0
L 0.1454539 1.1201023 0.1534539 1.1201023 0 P 0
L 0.1484359 1.1412491 0.1564359 1.1412491 0 P 0
L 0.1494539 1.1161023 0.1494539 1.1241023 0 P 0
L 0.1513946 1.1593006 0.1573946 1.1593006 0 P 0
L 0.1524359 1.1372491 0.1524359 1.1452491 0 P 0
L 0.15248 1.33071 0.16248 1.33071 0 P 0
L 0.1541285 1.1928735 0.1591285 1.1928735 0 P 0
L 0.1543946 1.1563006 0.1543946 1.1623006 0 P 0
L 0.1566285 1.1903735 0.1566285 1.1953735 0 P 0
L 0.15748 1.32571 0.15748 1.33571 0 P 0
L 0.162194 1.0936751 0.170194 1.0936751 0 P 0
L 0.16299 0.04299 0.16299 0.08299 0 P 0
L 0.16299 0.14299 0.16299 0.18299 0 P 0
L 0.16299 0.24299 0.16299 0.28299 0 P 0
L 0.16299 0.34299 0.16299 0.38299 0 P 0
L 0.16299 0.44299 0.16299 0.48299 0 P 0
L 0.16299 0.54299 0.16299 0.58299 0 P 0
L 0.16299 0.64299 0.16299 0.68299 0 P 0
L 0.16299 0.74299 0.16299 0.78299 0 P 0
L 0.166194 1.0896751 0.166194 1.0976751 0 P 0
L 0.1748289 1.0531207 0.1828289 1.0531207 0 P 0
L 0.1786 0.82677 0.1836 0.82677 0 P 0
L 0.1786 0.84252 0.1836 0.84252 0 P 0
L 0.1786 0.85827 0.1836 0.85827 0 P 0
L 0.1786 0.87402 0.1836 0.87402 0 P 0
L 0.1786 0.98425 0.1836 0.98425 0 P 0
L 0.1786 1 0.1836 1 0 P 0
L 0.1786 1.01575 0.1836 1.01575 0 P 0
L 0.1786 1.0315 0.1836 1.0315 0 P 0
L 0.1786 1.33071 0.1836 1.33071 0 P 0
L 0.1786024 1.2470472 0.1836024 1.2470472 0 P 0
L 0.1786024 1.2824803 0.1836024 1.2824803 0 P 0
L 0.1788289 1.0491207 0.1788289 1.0571207 0 P 0
L 0.1793189 1.1750292 0.1843189 1.1750292 0 P 0
L 0.1795002 1.2287895 0.1845002 1.2287895 0 P 0
L 0.1795828 1.2119552 0.1845828 1.2119552 0 P 0
L 0.1795866 1.2647638 0.1845866 1.2647638 0 P 0
L 0.1811 0.82427 0.1811 0.82927 0 P 0
L 0.1811 0.84002 0.1811 0.84502 0 P 0
L 0.1811 0.85577 0.1811 0.86077 0 P 0
L 0.1811 0.87152 0.1811 0.87652 0 P 0
L 0.1811 0.98175 0.1811 0.98675 0 P 0
L 0.1811 0.9975 0.1811 1.0025 0 P 0
L 0.1811 1.01325 0.1811 1.01825 0 P 0
L 0.1811 1.029 0.1811 1.034 0 P 0
L 0.1811 1.32821 0.1811 1.33321 0 P 0
L 0.1811024 1.2445472 0.1811024 1.2495472 0 P 0
L 0.1811024 1.2799803 0.1811024 1.2849803 0 P 0
L 0.1818189 1.1725292 0.1818189 1.1775292 0 P 0
L 0.1820002 1.2262895 0.1820002 1.2312895 0 P 0
L 0.1820828 1.2094552 0.1820828 1.2144552 0 P 0
L 0.1820866 1.2622638 0.1820866 1.2672638 0 P 0
L 0.1918819 1.1496063 0.1978819 1.1496063 0 P 0
L 0.19435 0.9035415 0.19935 0.9035415 0 P 0
L 0.19435 0.9685 0.19935 0.9685 0 P 0
L 0.1948819 1.1466063 0.1948819 1.1526063 0 P 0
L 0.19679 1.04331 0.20479 1.04331 0 P 0
L 0.19685 0.9010415 0.19685 0.9060415 0 P 0
L 0.19685 0.966 0.19685 0.971 0 P 0
L 0.20079 1.03931 0.20079 1.04731 0 P 0
L 0.2101 0.9035415 0.2151 0.9035415 0 P 0
L 0.2101 0.9685 0.2151 0.9685 0 P 0
L 0.2126 0.9010415 0.2126 0.9060415 0 P 0
L 0.2126 0.966 0.2126 0.971 0 P 0
L 0.21647 1.04724 0.22447 1.04724 0 P 0
L 0.22047 1.04324 0.22047 1.05124 0 P 0
L 0.22585 0.9035415 0.23085 0.9035415 0 P 0
L 0.22585 0.9685 0.23085 0.9685 0 P 0
L 0.22835 0.9010415 0.22835 0.9060415 0 P 0
L 0.22835 0.966 0.22835 0.971 0 P 0
L 0.23616 1.04331 0.24416 1.04331 0 P 0
L 0.24016 1.03931 0.24016 1.04731 0 P 0
L 0.24159 0.9035415 0.24659 0.9035415 0 P 0
L 0.24159 0.9685 0.24659 0.9685 0 P 0
L 0.24409 0.9010415 0.24409 0.9060415 0 P 0
L 0.24409 0.966 0.24409 0.971 0 P 0
L 0.2489685 0.6043307 0.2549685 0.6043307 0 P 0
L 0.2519685 0.6013307 0.2519685 0.6073307 0 P 0
L 0.2538898 1.386811 0.2598898 1.386811 0 P 0
L 0.254874 0.6240157 0.260874 0.6240157 0 P 0
L 0.2568898 1.383811 0.2568898 1.389811 0 P 0
L 0.25734 0.9035415 0.26234 0.9035415 0 P 0
L 0.25734 0.9685 0.26234 0.9685 0 P 0
L 0.25734 1.04724 0.26234 1.04724 0 P 0
L 0.257874 0.6210157 0.257874 0.6270157 0 P 0
L 0.258811 1.5708661 0.264811 1.5708661 0 P 0
L 0.25984 0.9010415 0.25984 0.9060415 0 P 0
L 0.25984 0.966 0.25984 0.971 0 P 0
L 0.25984 1.04474 0.25984 1.04974 0 P 0
L 0.261811 1.5678661 0.261811 1.5738661 0 P 0
L 0.2619647 0.5684677 0.2699647 0.5684677 0 P 0
L 0.2659647 0.5644677 0.2659647 0.5724677 0 P 0
L 0.2689139 0.5891822 0.2769139 0.5891822 0 P 0
L 0.2729139 0.5851822 0.2729139 0.5931822 0 P 0
L 0.27309 0.9035415 0.27809 0.9035415 0 P 0
L 0.27309 0.9685 0.27809 0.9685 0 P 0
L 0.27309 1.04724 0.27809 1.04724 0 P 0
L 0.27559 0.9010415 0.27559 0.9060415 0 P 0
L 0.27559 0.966 0.27559 0.971 0 P 0
L 0.27559 1.04474 0.27559 1.04974 0 P 0
L 0.2843433 0.4356371 0.2943433 0.4356371 0 P 0
L 0.2853701 0.0423228 0.2933701 0.0423228 0 P 0
L 0.28884 0.9035415 0.29384 0.9035415 0 P 0
L 0.28884 0.9685 0.29384 0.9685 0 P 0
L 0.28884 0.98425 0.29384 0.98425 0 P 0
L 0.28884 1 0.29384 1 0 P 0
L 0.28884 1.01575 0.29384 1.01575 0 P 0
L 0.28884 1.0315 0.29384 1.0315 0 P 0
L 0.28884 1.04724 0.29384 1.04724 0 P 0
L 0.2893433 0.4306371 0.2893433 0.4406371 0 P 0
L 0.2893701 0.0383228 0.2893701 0.0463228 0 P 0
L 0.2899866 1.3217759 0.2949866 1.3217759 0 P 0
L 0.29134 0.9010415 0.29134 0.9060415 0 P 0
L 0.29134 0.966 0.29134 0.971 0 P 0
L 0.29134 0.98175 0.29134 0.98675 0 P 0
L 0.29134 0.9975 0.29134 1.0025 0 P 0
L 0.29134 1.01325 0.29134 1.01825 0 P 0
L 0.29134 1.029 0.29134 1.034 0 P 0
L 0.29134 1.04474 0.29134 1.04974 0 P 0
L 0.2924866 1.3192759 0.2924866 1.3242759 0 P 0
L 0.2966771 1.2570381 0.3066771 1.2570381 0 P 0
L 0.3016771 1.2520381 0.3016771 1.2620381 0 P 0
L 0.3099044 1.1356687 0.3159044 1.1356687 0 P 0
L 0.3105724 1.118798 0.3165724 1.118798 0 P 0
L 0.3129044 1.1326687 0.3129044 1.1386687 0 P 0
L 0.3135724 1.115798 0.3135724 1.121798 0 P 0
L 0.3178661 0.636811 0.3238661 0.636811 0 P 0
L 0.3208661 0.633811 0.3208661 0.639811 0 P 0
L 0.3306299 1.3267717 0.3406299 1.3267717 0 P 0
L 0.3311597 0.9686659 0.3361597 0.9686659 0 P 0
L 0.3311597 0.9844159 0.3361597 0.9844159 0 P 0
L 0.3311597 1.0001659 0.3361597 1.0001659 0 P 0
L 0.3311597 1.0159159 0.3361597 1.0159159 0 P 0
L 0.3311597 1.0316659 0.3361597 1.0316659 0 P 0
L 0.3311597 1.0474059 0.3361597 1.0474059 0 P 0
L 0.3316457 1.4852362 0.3376457 1.4852362 0 P 0
L 0.3336006 0.8019841 0.3376006 0.8019841 0 P 0
L 0.3336597 0.9661659 0.3336597 0.9711659 0 P 0
L 0.3336597 0.9819159 0.3336597 0.9869159 0 P 0
L 0.3336597 0.9976659 0.3336597 1.0026659 0 P 0
L 0.3336597 1.0134159 0.3336597 1.0184159 0 P 0
L 0.3336597 1.0291659 0.3336597 1.0341659 0 P 0
L 0.3336597 1.0449059 0.3336597 1.0499059 0 P 0
L 0.3346457 1.4822362 0.3346457 1.4882362 0 P 0
L 0.3356006 0.7999841 0.3356006 0.8039841 0 P 0
L 0.3356299 1.3217717 0.3356299 1.3317717 0 P 0
L 0.3370672 0.87402 0.3420672 0.87402 0 P 0
L 0.3370672 0.88976 0.3420672 0.88976 0 P 0
L 0.3370672 0.90551 0.3420672 0.90551 0 P 0
L 0.3370672 0.92126 0.3420672 0.92126 0 P 0
L 0.3370672 0.93701 0.3420672 0.93701 0 P 0
L 0.3370672 0.95276 0.3420672 0.95276 0 P 0
L 0.3375669 0.8198819 0.3415669 0.8198819 0 P 0
L 0.33858 0.25197 0.37008 0.25197 0 P 0
L 0.3390354 0.4330709 0.3440354 0.4330709 0 P 0
L 0.3395669 0.8178819 0.3395669 0.8218819 0 P 0
L 0.3395672 0.87152 0.3395672 0.87652 0 P 0
L 0.3395672 0.88726 0.3395672 0.89226 0 P 0
L 0.3395672 0.90301 0.3395672 0.90801 0 P 0
L 0.3395672 0.91876 0.3395672 0.92376 0 P 0
L 0.3395672 0.93451 0.3395672 0.93951 0 P 0
L 0.3395672 0.95026 0.3395672 0.95526 0 P 0
L 0.3415354 0.4305709 0.3415354 0.4355709 0 P 0
L 0.35433 0.23622 0.35433 0.26772 0 P 0
L 0.356252 1.269685 0.362252 1.269685 0 P 0
L 0.3587205 0.4271654 0.3637205 0.4271654 0 P 0
L 0.359252 1.266685 0.359252 1.272685 0 P 0
L 0.3612205 0.4246654 0.3612205 0.4296654 0 P 0
L 0.36408 0.0541387 0.37608 0.0541387 0 P 0
L 0.36408 1.70866 0.37608 1.70866 0 P 0
L 0.3690472 0.523622 0.3750472 0.523622 0 P 0
L 0.37008 0.0481387 0.37008 0.0601387 0 P 0
L 0.37008 1.70266 0.37008 1.71466 0 P 0
L 0.3720472 0.520622 0.3720472 0.526622 0 P 0
L 0.3722828 1.1871007 0.3782828 1.1871007 0 P 0
L 0.3752828 1.1841007 0.3752828 1.1901007 0 P 0
L 0.3784055 0.6555118 0.3834055 0.6555118 0 P 0
L 0.3809055 0.6530118 0.3809055 0.6580118 0 P 0
L 0.3823425 0.4261811 0.3873425 0.4261811 0 P 0
L 0.3848425 0.4236811 0.3848425 0.4286811 0 P 0
L 0.3897 1.3622 0.3977 1.3622 0 P 0
L 0.3897 1.38583 0.3977 1.38583 0 P 0
L 0.391685 0.5698819 0.397685 0.5698819 0 P 0
L 0.3937 1.3582 0.3937 1.3662 0 P 0
L 0.3937 1.38183 0.3937 1.38983 0 P 0
L 0.394685 0.5668819 0.394685 0.5728819 0 P 0
L 0.396754 0.5292291 0.402754 0.5292291 0 P 0
L 0.3971063 0.6555118 0.4021063 0.6555118 0 P 0
L 0.3996063 0.6530118 0.3996063 0.6580118 0 P 0
L 0.399754 0.5262291 0.399754 0.5322291 0 P 0
L 0.40545 1.49606 0.41345 1.49606 0 P 0
L 0.4089173 0.4251969 0.4139173 0.4251969 0 P 0
L 0.40945 1.49206 0.40945 1.50006 0 P 0
L 0.4114173 0.4226969 0.4114173 0.4276969 0 P 0
L 0.41732 0.25197 0.44882 0.25197 0 P 0
L 0.4177756 0.6545276 0.4227756 0.6545276 0 P 0
L 0.4182598 1.2647638 0.4242598 1.2647638 0 P 0
L 0.4202756 0.6520276 0.4202756 0.6570276 0 P 0
L 0.4212598 1.2617638 0.4212598 1.2677638 0 P 0
L 0.4223293 1.1151642 0.4283293 1.1151642 0 P 0
L 0.4253293 1.1121642 0.4253293 1.1181642 0 P 0
L 0.4279691 1.4600073 0.4339691 1.4600073 0 P 0
L 0.4281024 1.4242126 0.4341024 1.4242126 0 P 0
L 0.428281 0.6454644 0.432281 0.6454644 0 P 0
L 0.4300708 1.5659449 0.4360708 1.5659449 0 P 0
L 0.4300708 1.5941601 0.4360708 1.5941601 0 P 0
L 0.4300708 1.6223753 0.4360708 1.6223753 0 P 0
L 0.4300708 1.6505905 0.4360708 1.6505905 0 P 0
L 0.430281 0.6434644 0.430281 0.6474644 0 P 0
L 0.4309691 1.4570073 0.4309691 1.4630073 0 P 0
L 0.4310551 1.2755906 0.4370551 1.2755906 0 P 0
L 0.4311024 1.4212126 0.4311024 1.4272126 0 P 0
L 0.43307 0.23622 0.43307 0.26772 0 P 0
L 0.4330708 1.5629449 0.4330708 1.5689449 0 P 0
L 0.4330708 1.5911601 0.4330708 1.5971601 0 P 0
L 0.4330708 1.6193753 0.4330708 1.6253753 0 P 0
L 0.4330708 1.6475905 0.4330708 1.6535905 0 P 0
L 0.4340551 1.2725906 0.4340551 1.2785906 0 P 0
L 0.443804 1.0606811 0.447804 1.0606811 0 P 0
L 0.445804 1.0586811 0.445804 1.0626811 0 P 0
L 0.4458189 1.2667323 0.4518189 1.2667323 0 P 0
L 0.4463189 0.4301181 0.4513189 0.4301181 0 P 0
L 0.4477874 1.6505906 0.4537874 1.6505906 0 P 0
L 0.4488189 0.4276181 0.4488189 0.4326181 0 P 0
L 0.4488189 1.2637323 0.4488189 1.2697323 0 P 0
L 0.4507874 1.6475906 0.4507874 1.6535906 0 P 0
L 0.4606014 0.6339758 0.4666014 0.6339758 0 P 0
L 0.4636014 0.6309758 0.4636014 0.6369758 0 P 0
L 0.4638237 0.4816273 0.4688237 0.4816273 0 P 0
L 0.464061 0.5686351 0.469061 0.5686351 0 P 0
L 0.4648976 0.5294876 0.4698976 0.5294876 0 P 0
L 0.4650278 0.5100074 0.4730278 0.5100074 0 P 0
L 0.4663237 0.4791273 0.4663237 0.4841273 0 P 0
L 0.466561 0.5661351 0.466561 0.5711351 0 P 0
L 0.4670505 1.2456671 0.4710505 1.2456671 0 P 0
L 0.4672724 1.3482874 0.4732724 1.3482874 0 P 0
L 0.4673976 0.5269876 0.4673976 0.5319876 0 P 0
L 0.4675414 0.1859727 0.4795414 0.1859727 0 P 0
L 0.4677741 1.2663476 0.4717741 1.2663476 0 P 0
L 0.4690278 0.5060074 0.4690278 0.5140074 0 P 0
L 0.4690505 1.2436671 0.4690505 1.2476671 0 P 0
L 0.4695693 0.9423463 0.4735693 0.9423463 0 P 0
L 0.4697741 1.2643476 0.4697741 1.2683476 0 P 0
L 0.4702724 1.3452874 0.4702724 1.3512874 0 P 0
L 0.4715693 0.9403463 0.4715693 0.9443463 0 P 0
L 0.4723937 0.3917323 0.4783937 0.3917323 0 P 0
L 0.4724109 0.9586609 0.4764109 0.9586609 0 P 0
L 0.4724109 0.9842509 0.4764109 0.9842509 0 P 0
L 0.4724109 1.0098409 0.4764109 1.0098409 0 P 0
L 0.4724109 1.0354309 0.4764109 1.0354309 0 P 0
L 0.4724109 1.0610209 0.4764109 1.0610209 0 P 0
L 0.4724109 1.1121991 0.4764109 1.1121991 0 P 0
L 0.4724109 1.1633791 0.4764109 1.1633791 0 P 0
L 0.4724109 1.2145591 0.4764109 1.2145591 0 P 0
L 0.4735414 0.1799727 0.4735414 0.1919727 0 P 0
L 0.4744109 0.9566609 0.4744109 0.9606609 0 P 0
L 0.4744109 0.9822509 0.4744109 0.9862509 0 P 0
L 0.4744109 1.0078409 0.4744109 1.0118409 0 P 0
L 0.4744109 1.0334309 0.4744109 1.0374309 0 P 0
L 0.4744109 1.0590209 0.4744109 1.0630209 0 P 0
L 0.4744109 1.1101991 0.4744109 1.1141991 0 P 0
L 0.4744109 1.1613791 0.4744109 1.1653791 0 P 0
L 0.4744109 1.2125591 0.4744109 1.2165591 0 P 0
L 0.4753937 0.3887323 0.4753937 0.3947323 0 P 0
L 0.4763307 1.363189 0.4823307 1.363189 0 P 0
L 0.4764093 0.9107718 0.4804093 0.9107718 0 P 0
L 0.47732 0.0541387 0.48332 0.0541387 0 P 0
L 0.4782992 1.6505906 0.4842992 1.6505906 0 P 0
L 0.4784093 0.9087718 0.4784093 0.9127718 0 P 0
L 0.4793307 1.360189 0.4793307 1.366189 0 P 0
L 0.47953 1.54094 0.50315 1.54094 0 P 0
L 0.48032 0.0511387 0.48032 0.0571387 0 P 0
L 0.4804321 0.1466636 0.4864321 0.1466636 0 P 0
L 0.4812992 1.6475906 0.4812992 1.6535906 0 P 0
L 0.4834321 0.1436636 0.4834321 0.1496636 0 P 0
L 0.4861732 0.4094488 0.4921732 0.4094488 0 P 0
L 0.4871575 1.5875984 0.4931575 1.5875984 0 P 0
L 0.4871575 1.628937 0.4931575 1.628937 0 P 0
L 0.4891732 0.4064488 0.4891732 0.4124488 0 P 0
L 0.4901575 1.5845984 0.4901575 1.5905984 0 P 0
L 0.4901575 1.625937 0.4901575 1.631937 0 P 0
L 0.49134 1.52913 0.49134 1.55275 0 P 0
L 0.4960937 0.0514523 0.5020937 0.0514523 0 P 0
L 0.4962487 0.9095874 0.5002487 0.9095874 0 P 0
L 0.497 1.2942913 0.503 1.2942913 0 P 0
L 0.49794 1.71654 0.50994 1.71654 0 P 0
L 0.4980009 0.9586609 0.5020009 0.9586609 0 P 0
L 0.4980009 0.9842509 0.5020009 0.9842509 0 P 0
L 0.4980009 1.0098409 0.5020009 1.0098409 0 P 0
L 0.4980009 1.0354309 0.5020009 1.0354309 0 P 0
L 0.4980009 1.0610209 0.5020009 1.0610209 0 P 0
L 0.4980009 1.1377891 0.5020009 1.1377891 0 P 0
L 0.4980009 1.1633791 0.5020009 1.1633791 0 P 0
L 0.4980009 1.1889691 0.5020009 1.1889691 0 P 0
L 0.4980009 1.2145591 0.5020009 1.2145591 0 P 0
L 0.4980009 1.2401491 0.5020009 1.2401491 0 P 0
L 0.4982487 0.9075874 0.4982487 0.9115874 0 P 0
L 0.4987091 1.0869567 0.5027091 1.0869567 0 P 0
L 0.4990937 0.0484523 0.4990937 0.0544523 0 P 0
L 0.5 1.2912913 0.5 1.2972913 0 P 0
L 0.5000009 0.9566609 0.5000009 0.9606609 0 P 0
L 0.5000009 0.9822509 0.5000009 0.9862509 0 P 0
L 0.5000009 1.0078409 0.5000009 1.0118409 0 P 0
L 0.5000009 1.0334309 0.5000009 1.0374309 0 P 0
L 0.5000009 1.0590209 0.5000009 1.0630209 0 P 0
L 0.5000009 1.1357891 0.5000009 1.1397891 0 P 0
L 0.5000009 1.1613791 0.5000009 1.1653791 0 P 0
L 0.5000009 1.1869691 0.5000009 1.1909691 0 P 0
L 0.5000009 1.2125591 0.5000009 1.2165591 0 P 0
L 0.5000009 1.2381491 0.5000009 1.2421491 0 P 0
L 0.5007091 1.0849567 0.5007091 1.0889567 0 P 0
L 0.500937 0.3937008 0.506937 0.3937008 0 P 0
L 0.5018178 0.9331651 0.5058178 0.9331651 0 P 0
L 0.5038178 0.9311651 0.5038178 0.9351651 0 P 0
L 0.503937 0.3907008 0.503937 0.3967008 0 P 0
L 0.50394 1.71054 0.50394 1.72254 0 P 0
L 0.5097953 1.3139764 0.5157953 1.3139764 0 P 0
L 0.5127953 1.3109764 0.5127953 1.3169764 0 P 0
L 0.520477 0.0955019 0.526477 0.0955019 0 P 0
L 0.5226549 0.5115238 0.5266549 0.5115238 0 P 0
L 0.523477 0.0925019 0.523477 0.0985019 0 P 0
L 0.5235909 0.9586609 0.5275909 0.9586609 0 P 0
L 0.5235909 0.9842509 0.5275909 0.9842509 0 P 0
L 0.5235909 1.0098409 0.5275909 1.0098409 0 P 0
L 0.5235909 1.0354309 0.5275909 1.0354309 0 P 0
L 0.5235909 1.0610209 0.5275909 1.0610209 0 P 0
L 0.5235909 1.0866209 0.5275909 1.0866209 0 P 0
L 0.5235909 1.1377891 0.5275909 1.1377891 0 P 0
L 0.5235909 1.1633791 0.5275909 1.1633791 0 P 0
L 0.5235909 1.1889691 0.5275909 1.1889691 0 P 0
L 0.5235909 1.2145591 0.5275909 1.2145591 0 P 0
L 0.5235909 1.2401491 0.5275909 1.2401491 0 P 0
L 0.5235909 1.2657391 0.5275909 1.2657391 0 P 0
L 0.5246549 0.5095238 0.5246549 0.5135238 0 P 0
L 0.5255909 0.9566609 0.5255909 0.9606609 0 P 0
L 0.5255909 0.9822509 0.5255909 0.9862509 0 P 0
L 0.5255909 1.0078409 0.5255909 1.0118409 0 P 0
L 0.5255909 1.0334309 0.5255909 1.0374309 0 P 0
L 0.5255909 1.0590209 0.5255909 1.0630209 0 P 0
L 0.5255909 1.0846209 0.5255909 1.0886209 0 P 0
L 0.5255909 1.1357891 0.5255909 1.1397891 0 P 0
L 0.5255909 1.1613791 0.5255909 1.1653791 0 P 0
L 0.5255909 1.1869691 0.5255909 1.1909691 0 P 0
L 0.5255909 1.2125591 0.5255909 1.2165591 0 P 0
L 0.5255909 1.2381491 0.5255909 1.2421491 0 P 0
L 0.5255909 1.2637391 0.5255909 1.2677391 0 P 0
L 0.5265276 1.3139764 0.5325276 1.3139764 0 P 0
L 0.5274961 1.4566929 0.5354961 1.4566929 0 P 0
L 0.5275119 1.6269685 0.5335119 1.6269685 0 P 0
L 0.529 1.71654 0.534 1.71654 0 P 0
L 0.5295276 1.3109764 0.5295276 1.3169764 0 P 0
L 0.5305119 1.6239685 0.5305119 1.6299685 0 P 0
L 0.5310185 1.4940007 0.5360185 1.4940007 0 P 0
L 0.5314488 1.3651575 0.5374488 1.3651575 0 P 0
L 0.5314961 1.4526929 0.5314961 1.4606929 0 P 0
L 0.5315 1.71404 0.5315 1.71904 0 P 0
L 0.5335185 1.4915007 0.5335185 1.4965007 0 P 0
L 0.5344488 1.3621575 0.5344488 1.3681575 0 P 0
L 0.5430188 0.4044625 0.5470188 0.4044625 0 P 0
L 0.5450188 0.4024625 0.5450188 0.4064625 0 P 0
L 0.5462283 0.4517717 0.5502283 0.4517717 0 P 0
L 0.5462283 0.4832717 0.5502283 0.4832717 0 P 0
L 0.5472126 0.507874 0.5512126 0.507874 0 P 0
L 0.5481811 1.3149606 0.5541811 1.3149606 0 P 0
L 0.5482283 0.4497717 0.5482283 0.4537717 0 P 0
L 0.5482283 0.4812717 0.5482283 0.4852717 0 P 0
L 0.5491809 0.9842509 0.5531809 0.9842509 0 P 0
L 0.5491809 1.0098409 0.5531809 1.0098409 0 P 0
L 0.5491809 1.0354309 0.5531809 1.0354309 0 P 0
L 0.5491809 1.0610209 0.5531809 1.0610209 0 P 0
L 0.5491809 1.0866209 0.5531809 1.0866209 0 P 0
L 0.5491809 1.1377891 0.5531809 1.1377891 0 P 0
L 0.5491809 1.1633791 0.5531809 1.1633791 0 P 0
L 0.5491809 1.1889691 0.5531809 1.1889691 0 P 0
L 0.5491809 1.2145591 0.5531809 1.2145591 0 P 0
L 0.5491809 1.2401491 0.5531809 1.2401491 0 P 0
L 0.5492126 0.505874 0.5492126 0.509874 0 P 0
L 0.5503593 1.4936582 0.5553593 1.4936582 0 P 0
L 0.5511809 0.9822509 0.5511809 0.9862509 0 P 0
L 0.5511809 1.0078409 0.5511809 1.0118409 0 P 0
L 0.5511809 1.0334309 0.5511809 1.0374309 0 P 0
L 0.5511809 1.0590209 0.5511809 1.0630209 0 P 0
L 0.5511809 1.0846209 0.5511809 1.0886209 0 P 0
L 0.5511809 1.1357891 0.5511809 1.1397891 0 P 0
L 0.5511809 1.1613791 0.5511809 1.1653791 0 P 0
L 0.5511809 1.1869691 0.5511809 1.1909691 0 P 0
L 0.5511809 1.2125591 0.5511809 1.2165591 0 P 0
L 0.5511809 1.2381491 0.5511809 1.2421491 0 P 0
L 0.5511811 1.3119606 0.5511811 1.3179606 0 P 0
L 0.55262 1.71654 0.55762 1.71654 0 P 0
L 0.5528593 1.4911582 0.5528593 1.4961582 0 P 0
L 0.5546075 0.0999776 0.5666075 0.0999776 0 P 0
L 0.55512 1.71404 0.55512 1.71904 0 P 0
L 0.5558335 0.8923488 0.5598335 0.8923488 0 P 0
L 0.5578335 0.8903488 0.5578335 0.8943488 0 P 0
L 0.5584997 0.6402993 0.5624997 0.6402993 0 P 0
L 0.5604997 0.6382993 0.5604997 0.6422993 0 P 0
L 0.5606075 0.0939776 0.5606075 0.1059776 0 P 0
L 0.5614012 0.6719646 0.5654012 0.6719646 0 P 0
L 0.5618035 0.9595818 0.5658035 0.9595818 0 P 0
L 0.5618875 0.9339797 0.5658875 0.9339797 0 P 0
L 0.5634012 0.6699646 0.5634012 0.6739646 0 P 0
L 0.5638035 0.9575818 0.5638035 0.9615818 0 P 0
L 0.5638875 0.9319797 0.5638875 0.9359797 0 P 0
L 0.5663146 1.3141849 0.5723146 1.3141849 0 P 0
L 0.5693146 1.3111849 0.5693146 1.3171849 0 P 0
L 0.5693504 1.4940945 0.5743504 1.4940945 0 P 0
L 0.5703346 1.7165354 0.5753346 1.7165354 0 P 0
L 0.5718031 1.3602362 0.5778031 1.3602362 0 P 0
L 0.5718504 1.4915945 0.5718504 1.4965945 0 P 0
L 0.5728346 1.7140354 0.5728346 1.7190354 0 P 0
L 0.5737874 0.5944882 0.5777874 0.5944882 0 P 0
L 0.5747709 0.9842509 0.5787709 0.9842509 0 P 0
L 0.5747709 1.0098409 0.5787709 1.0098409 0 P 0
L 0.5747709 1.0354309 0.5787709 1.0354309 0 P 0
L 0.5747709 1.0610209 0.5787709 1.0610209 0 P 0
L 0.5747709 1.0866209 0.5787709 1.0866209 0 P 0
L 0.5747709 1.1377891 0.5787709 1.1377891 0 P 0
L 0.5747709 1.1633791 0.5787709 1.1633791 0 P 0
L 0.5747709 1.1889691 0.5787709 1.1889691 0 P 0
L 0.5747709 1.2145591 0.5787709 1.2145591 0 P 0
L 0.5747709 1.2401491 0.5787709 1.2401491 0 P 0
L 0.5748031 1.3572362 0.5748031 1.3632362 0 P 0
L 0.5749344 0.5629403 0.5789344 0.5629403 0 P 0
L 0.5755088 0.5801717 0.5795088 0.5801717 0 P 0
L 0.5757874 0.5924882 0.5757874 0.5964882 0 P 0
L 0.5767402 0.5462598 0.5807402 0.5462598 0 P 0
L 0.5767709 0.9822509 0.5767709 0.9862509 0 P 0
L 0.5767709 1.0078409 0.5767709 1.0118409 0 P 0
L 0.5767709 1.0334309 0.5767709 1.0374309 0 P 0
L 0.5767709 1.0590209 0.5767709 1.0630209 0 P 0
L 0.5767709 1.0846209 0.5767709 1.0886209 0 P 0
L 0.5767709 1.1357891 0.5767709 1.1397891 0 P 0
L 0.5767709 1.1613791 0.5767709 1.1653791 0 P 0
L 0.5767709 1.1869691 0.5767709 1.1909691 0 P 0
L 0.5767709 1.2125591 0.5767709 1.2165591 0 P 0
L 0.5767709 1.2381491 0.5767709 1.2421491 0 P 0
L 0.5769344 0.5609403 0.5769344 0.5649403 0 P 0
L 0.5775088 0.5781717 0.5775088 0.5821717 0 P 0
L 0.5777183 0.4202817 0.5817183 0.4202817 0 P 0
L 0.5777183 0.4517717 0.5817183 0.4517717 0 P 0
L 0.5777183 0.4832717 0.5817183 0.4832717 0 P 0
L 0.5777244 0.6122047 0.5817244 0.6122047 0 P 0
L 0.5787087 0.507874 0.5827087 0.507874 0 P 0
L 0.5787402 0.5442598 0.5787402 0.5482598 0 P 0
L 0.5797183 0.4182817 0.5797183 0.4222817 0 P 0
L 0.5797183 0.4497717 0.5797183 0.4537717 0 P 0
L 0.5797183 0.4812717 0.5797183 0.4852717 0 P 0
L 0.5797244 0.6102047 0.5797244 0.6142047 0 P 0
L 0.5807087 0.505874 0.5807087 0.509874 0 P 0
L 0.5825493 0.9599195 0.5865493 0.9599195 0 P 0
L 0.5826299 1.4409449 0.5886299 1.4409449 0 P 0
L 0.5842593 0.9340492 0.5882593 0.9340492 0 P 0
L 0.5845493 0.9579195 0.5845493 0.9619195 0 P 0
L 0.5856299 1.4379449 0.5856299 1.4439449 0 P 0
L 0.5862593 0.9320492 0.5862593 0.9360492 0 P 0
L 0.5862846 0.9062307 0.5902846 0.9062307 0 P 0
L 0.5875512 1.6269685 0.5935512 1.6269685 0 P 0
L 0.58805 1.71654 0.59305 1.71654 0 P 0
L 0.5882846 0.9042307 0.5882846 0.9082307 0 P 0
L 0.59055 1.71404 0.59055 1.71904 0 P 0
L 0.5905512 1.6239685 0.5905512 1.6299685 0 P 0
L 0.592742 1.4933015 0.597742 1.4933015 0 P 0
L 0.595242 1.4908015 0.595242 1.4958015 0 P 0
L 0.5953276 0.1489567 0.6053276 0.1489567 0 P 0
L 0.5954409 0.894685 0.5994409 0.894685 0 P 0
L 0.5956013 0.8804979 0.5996013 0.8804979 0 P 0
L 0.5974409 0.892685 0.5974409 0.896685 0 P 0
L 0.5976013 0.8784979 0.5976013 0.8824979 0 P 0
L 0.6003276 0.1439567 0.6003276 0.1539567 0 P 0
L 0.6003609 0.9842509 0.6043609 0.9842509 0 P 0
L 0.6003609 1.0098291 0.6043609 1.0098291 0 P 0
L 0.6003609 1.0354191 0.6043609 1.0354191 0 P 0
L 0.6003609 1.1378009 0.6043609 1.1378009 0 P 0
L 0.6003609 1.1889691 0.6043609 1.1889691 0 P 0
L 0.6003609 1.2145591 0.6043609 1.2145591 0 P 0
L 0.6003609 1.2401491 0.6043609 1.2401491 0 P 0
L 0.6003609 1.2657391 0.6043609 1.2657391 0 P 0
L 0.6023609 0.9822509 0.6023609 0.9862509 0 P 0
L 0.6023609 1.0078291 0.6023609 1.0118291 0 P 0
L 0.6023609 1.0334191 0.6023609 1.0374191 0 P 0
L 0.6023609 1.1358009 0.6023609 1.1398009 0 P 0
L 0.6023609 1.1869691 0.6023609 1.1909691 0 P 0
L 0.6023609 1.2125591 0.6023609 1.2165591 0 P 0
L 0.6023609 1.2381491 0.6023609 1.2421491 0 P 0
L 0.6023609 1.2637391 0.6023609 1.2677391 0 P 0
L 0.6025174 0.9596989 0.6065174 0.9596989 0 P 0
L 0.6035103 0.9338286 0.6075103 0.9338286 0 P 0
L 0.6040082 0.6397546 0.6080082 0.6397546 0 P 0
L 0.6045174 0.9576989 0.6045174 0.9616989 0 P 0
L 0.6045583 0.9064141 0.6085583 0.9064141 0 P 0
L 0.6047964 0.6716494 0.6087964 0.6716494 0 P 0
L 0.6055103 0.9318286 0.6055103 0.9358286 0 P 0
L 0.6060082 0.6377546 0.6060082 0.6417546 0 P 0
L 0.6065583 0.9044141 0.6065583 0.9084141 0 P 0
L 0.6067964 0.6696494 0.6067964 0.6736494 0 P 0
L 0.6088285 1.6353414 0.6138285 1.6353414 0 P 0
L 0.608868 1.5642926 0.613868 1.5642926 0 P 0
L 0.6092047 1.5935039 0.6152047 1.5935039 0 P 0
L 0.6092183 0.4202817 0.6132183 0.4202817 0 P 0
L 0.6092183 0.4517717 0.6132183 0.4517717 0 P 0
L 0.6092183 0.4832717 0.6132183 0.4832717 0 P 0
L 0.6112183 0.4182817 0.6112183 0.4222817 0 P 0
L 0.6112183 0.4497717 0.6112183 0.4537717 0 P 0
L 0.6112183 0.4812717 0.6112183 0.4852717 0 P 0
L 0.6113285 1.6328414 0.6113285 1.6378414 0 P 0
L 0.611368 1.5617926 0.611368 1.5667926 0 P 0
L 0.6122047 1.5905039 0.6122047 1.5965039 0 P 0
L 0.6249574 1.0588763 0.6289574 1.0588763 0 P 0
L 0.6258898 0.0521654 0.6378898 0.0521654 0 P 0
L 0.6259391 1.1377891 0.6299391 1.1377891 0 P 0
L 0.6259509 0.9330709 0.6299509 0.9330709 0 P 0
L 0.6259509 0.9586609 0.6299509 0.9586609 0 P 0
L 0.6259509 0.9842509 0.6299509 0.9842509 0 P 0
L 0.6259509 1.0098409 0.6299509 1.0098409 0 P 0
L 0.6259509 1.0354309 0.6299509 1.0354309 0 P 0
L 0.6259509 1.0866209 0.6299509 1.0866209 0 P 0
L 0.6259509 1.1633791 0.6299509 1.1633791 0 P 0
L 0.6259509 1.1889691 0.6299509 1.1889691 0 P 0
L 0.6259509 1.2145591 0.6299509 1.2145591 0 P 0
L 0.6259509 1.2401491 0.6299509 1.2401491 0 P 0
L 0.6259509 1.2657391 0.6299509 1.2657391 0 P 0
L 0.6269574 1.0568763 0.6269574 1.0608763 0 P 0
L 0.6273101 1.4793573 0.6333101 1.4793573 0 P 0
L 0.6279391 1.1357891 0.6279391 1.1397891 0 P 0
L 0.6279509 0.9310709 0.6279509 0.9350709 0 P 0
L 0.6279509 0.9566609 0.6279509 0.9606609 0 P 0
L 0.6279509 0.9822509 0.6279509 0.9862509 0 P 0
L 0.6279509 1.0078409 0.6279509 1.0118409 0 P 0
L 0.6279509 1.0334309 0.6279509 1.0374309 0 P 0
L 0.6279509 1.0846209 0.6279509 1.0886209 0 P 0
L 0.6279509 1.1613791 0.6279509 1.1653791 0 P 0
L 0.6279509 1.1869691 0.6279509 1.1909691 0 P 0
L 0.6279509 1.2125591 0.6279509 1.2165591 0 P 0
L 0.6279509 1.2381491 0.6279509 1.2421491 0 P 0
L 0.6279509 1.2637391 0.6279509 1.2677391 0 P 0
L 0.6286524 0.2469412 0.6466524 0.2469412 0 P 0
L 0.6287953 0.2253937 0.6467953 0.2253937 0 P 0
L 0.6288898 0.1348425 0.6348898 0.1348425 0 P 0
L 0.6303101 1.4763573 0.6303101 1.4823573 0 P 0
L 0.6303107 1.6368701 0.6353107 1.6368701 0 P 0
L 0.6318898 0.0461654 0.6318898 0.0581654 0 P 0
L 0.6318898 0.1318425 0.6318898 0.1378425 0 P 0
L 0.6328107 1.6343701 0.6328107 1.6393701 0 P 0
L 0.6371487 0.8938633 0.6411487 0.8938633 0 P 0
L 0.6376524 0.2379412 0.6376524 0.2559412 0 P 0
L 0.6377953 0.2163937 0.6377953 0.2343937 0 P 0
L 0.6384055 0.5961247 0.6424055 0.5961247 0 P 0
L 0.6387517 0.5777617 0.6427517 0.5777617 0 P 0
L 0.6387517 0.6722517 0.6427517 0.6722517 0 P 0
L 0.6389369 0.6220124 0.6429369 0.6220124 0 P 0
L 0.6389853 0.5459693 0.6429853 0.5459693 0 P 0
L 0.6391487 0.8918633 0.6391487 0.8958633 0 P 0
L 0.6404055 0.5941247 0.6404055 0.5981247 0 P 0
L 0.6407517 0.5757617 0.6407517 0.5797617 0 P 0
L 0.6407517 0.6702517 0.6407517 0.6742517 0 P 0
L 0.6409369 0.6200124 0.6409369 0.6240124 0 P 0
L 0.6409853 0.5439693 0.6409853 0.5479693 0 P 0
L 0.641685 0.5167323 0.647685 0.5167323 0 P 0
L 0.6446378 0.4704724 0.6506378 0.4704724 0 P 0
L 0.644685 0.5137323 0.644685 0.5197323 0 P 0
L 0.645622 0.4940945 0.651622 0.4940945 0 P 0
L 0.6476378 0.4674724 0.6476378 0.4734724 0 P 0
L 0.6480079 1.4930155 0.6540079 1.4930155 0 P 0
L 0.6485013 1.7068518 0.6535013 1.7068518 0 P 0
L 0.648622 0.4910945 0.648622 0.4970945 0 P 0
L 0.6510013 1.7043518 0.6510013 1.7093518 0 P 0
L 0.6510079 1.4900155 0.6510079 1.4960155 0 P 0
L 0.6513328 0.6613454 0.6573328 0.6613454 0 P 0
L 0.6514435 0.6444997 0.6574435 0.6444997 0 P 0
L 0.6515118 0.4320866 0.6595118 0.4320866 0 P 0
L 0.6515391 1.1377891 0.6555391 1.1377891 0 P 0
L 0.6515409 1.0866209 0.6555409 1.0866209 0 P 0
L 0.6515509 0.9074809 0.6555509 0.9074809 0 P 0
L 0.6515509 0.9330709 0.6555509 0.9330709 0 P 0
L 0.6515509 0.9842409 0.6555509 0.9842409 0 P 0
L 0.6515509 1.0098309 0.6555509 1.0098309 0 P 0
L 0.6515509 1.0354209 0.6555509 1.0354209 0 P 0
L 0.6535391 1.1357891 0.6535391 1.1397891 0 P 0
L 0.6535409 1.0846209 0.6535409 1.0886209 0 P 0
L 0.6535509 0.9054809 0.6535509 0.9094809 0 P 0
L 0.6535509 0.9310709 0.6535509 0.9350709 0 P 0
L 0.6535509 0.9822409 0.6535509 0.9862409 0 P 0
L 0.6535509 1.0078309 0.6535509 1.0118309 0 P 0
L 0.6535509 1.0334209 0.6535509 1.0374209 0 P 0
L 0.6543328 0.6583454 0.6543328 0.6643454 0 P 0
L 0.6544435 0.6414997 0.6544435 0.6474997 0 P 0
L 0.6555118 0.4280866 0.6555118 0.4360866 0 P 0
L 0.6564488 1.6161417 0.6624488 1.6161417 0 P 0
L 0.6594488 1.6131417 0.6594488 1.6191417 0 P 0
L 0.6645749 1.7065224 0.6695749 1.7065224 0 P 0
L 0.6670749 1.7040224 0.6670749 1.7090224 0 P 0
L 0.67023 1.48032 0.67623 1.48032 0 P 0
L 0.672856 1.4203066 0.678856 1.4203066 0 P 0
L 0.67323 1.47732 0.67323 1.48332 0 P 0
L 0.6758508 1.2973903 0.6798508 1.2973903 0 P 0
L 0.675856 1.4173066 0.675856 1.4233066 0 P 0
L 0.6771339 1.0866142 0.6811339 1.0866142 0 P 0
L 0.6771391 0.9586609 0.6811391 0.9586609 0 P 0
L 0.6771391 1.1377891 0.6811391 1.1377891 0 P 0
L 0.6771391 1.1633791 0.6811391 1.1633791 0 P 0
L 0.6771391 1.1889691 0.6811391 1.1889691 0 P 0
L 0.6771391 1.2145591 0.6811391 1.2145591 0 P 0
L 0.6771391 1.2401491 0.6811391 1.2401491 0 P 0
L 0.6771391 1.2657391 0.6811391 1.2657391 0 P 0
L 0.6771409 0.9074809 0.6811409 0.9074809 0 P 0
L 0.6771409 0.9330709 0.6811409 0.9330709 0 P 0
L 0.6771409 0.9842509 0.6811409 0.9842509 0 P 0
L 0.6771409 1.0098309 0.6811409 1.0098309 0 P 0
L 0.6771409 1.0354191 0.6811409 1.0354191 0 P 0
L 0.6778508 1.2953903 0.6778508 1.2993903 0 P 0
L 0.6791339 1.0846142 0.6791339 1.0886142 0 P 0
L 0.6791391 0.9566609 0.6791391 0.9606609 0 P 0
L 0.6791391 1.1357891 0.6791391 1.1397891 0 P 0
L 0.6791391 1.1613791 0.6791391 1.1653791 0 P 0
L 0.6791391 1.1869691 0.6791391 1.1909691 0 P 0
L 0.6791391 1.2125591 0.6791391 1.2165591 0 P 0
L 0.6791391 1.2381491 0.6791391 1.2421491 0 P 0
L 0.6791391 1.2637391 0.6791391 1.2677391 0 P 0
L 0.6791409 0.9054809 0.6791409 0.9094809 0 P 0
L 0.6791409 0.9310709 0.6791409 0.9350709 0 P 0
L 0.6791409 0.9822509 0.6791409 0.9862509 0 P 0
L 0.6791409 1.0078309 0.6791409 1.0118309 0 P 0
L 0.6791409 1.0334191 0.6791409 1.0374191 0 P 0
L 0.6869607 1.6269685 0.6929607 1.6269685 0 P 0
L 0.6872072 1.5646316 0.6932072 1.5646316 0 P 0
L 0.6882173 1.7231336 0.6932173 1.7231336 0 P 0
L 0.6889291 0.6043307 0.6949291 0.6043307 0 P 0
L 0.6899607 1.6239685 0.6899607 1.6299685 0 P 0
L 0.6902072 1.5616316 0.6902072 1.5676316 0 P 0
L 0.6907173 1.7206336 0.6907173 1.7256336 0 P 0
L 0.691394 0.6643542 0.697394 0.6643542 0 P 0
L 0.6919291 0.6013307 0.6919291 0.6073307 0 P 0
L 0.694394 0.6613542 0.694394 0.6673542 0 P 0
L 0.6968031 0.4665354 0.7028031 0.4665354 0 P 0
L 0.6998031 0.4635354 0.6998031 0.4695354 0 P 0
L 0.7017244 0.5757874 0.7077244 0.5757874 0 P 0
L 0.7017402 1.2972441 0.7057402 1.2972441 0 P 0
L 0.7027191 0.9586609 0.7067191 0.9586609 0 P 0
L 0.7027191 1.0354309 0.7067191 1.0354309 0 P 0
L 0.7027191 1.1633791 0.7067191 1.1633791 0 P 0
L 0.7027191 1.1889691 0.7067191 1.1889691 0 P 0
L 0.7027191 1.2145591 0.7067191 1.2145591 0 P 0
L 0.7027191 1.2401491 0.7067191 1.2401491 0 P 0
L 0.7027291 1.1377891 0.7067291 1.1377891 0 P 0
L 0.7027309 0.9074809 0.7067309 0.9074809 0 P 0
L 0.7027309 0.9330709 0.7067309 0.9330709 0 P 0
L 0.7027309 0.9842509 0.7067309 0.9842509 0 P 0
L 0.7027309 1.0098409 0.7067309 1.0098409 0 P 0
L 0.7037402 1.2952441 0.7037402 1.2992441 0 P 0
L 0.7047191 0.9566609 0.7047191 0.9606609 0 P 0
L 0.7047191 1.0334309 0.7047191 1.0374309 0 P 0
L 0.7047191 1.1613791 0.7047191 1.1653791 0 P 0
L 0.7047191 1.1869691 0.7047191 1.1909691 0 P 0
L 0.7047191 1.2125591 0.7047191 1.2165591 0 P 0
L 0.7047191 1.2381491 0.7047191 1.2421491 0 P 0
L 0.7047244 0.5727874 0.7047244 0.5787874 0 P 0
L 0.7047291 1.1357891 0.7047291 1.1397891 0 P 0
L 0.7047309 0.9054809 0.7047309 0.9094809 0 P 0
L 0.7047309 0.9310709 0.7047309 0.9350709 0 P 0
L 0.7047309 0.9822509 0.7047309 0.9862509 0 P 0
L 0.7047309 1.0078409 0.7047309 1.0118409 0 P 0
L 0.7060965 0.6613814 0.7120965 0.6613814 0 P 0
L 0.7071457 1.7165354 0.7121457 1.7165354 0 P 0
L 0.7090965 0.6583814 0.7090965 0.6643814 0 P 0
L 0.7096457 1.7140354 0.7096457 1.7190354 0 P 0
L 0.7101 1.48032 0.7151 1.48032 0 P 0
L 0.7126 1.47782 0.7126 1.48282 0 P 0
L 0.7209263 1.3833122 0.7269263 1.3833122 0 P 0
L 0.7239263 1.3803122 0.7239263 1.3863122 0 P 0
L 0.727815 1.4940945 0.732815 1.4940945 0 P 0
L 0.7278969 1.6355039 0.7328969 1.6355039 0 P 0
L 0.7280109 0.5358589 0.7330109 0.5358589 0 P 0
L 0.7282721 1.243438 0.7322721 1.243438 0 P 0
L 0.7283091 0.9586609 0.7323091 0.9586609 0 P 0
L 0.7283091 1.0354309 0.7323091 1.0354309 0 P 0
L 0.7283091 1.0610209 0.7323091 1.0610209 0 P 0
L 0.7283091 1.0866209 0.7323091 1.0866209 0 P 0
L 0.7283091 1.1633791 0.7323091 1.1633791 0 P 0
L 0.7283091 1.1889691 0.7323091 1.1889691 0 P 0
L 0.7283091 1.2145591 0.7323091 1.2145591 0 P 0
L 0.7283091 1.2657391 0.7323091 1.2657391 0 P 0
L 0.7283209 0.9330709 0.7323209 0.9330709 0 P 0
L 0.7283611 1.1380989 0.7323611 1.1380989 0 P 0
L 0.7292835 1.4478346 0.7352835 1.4478346 0 P 0
L 0.7293323 0.5660789 0.7343323 0.5660789 0 P 0
L 0.72978 0.59843 0.73478 0.59843 0 P 0
L 0.72978 0.6378 0.73478 0.6378 0 P 0
L 0.72978 0.66142 0.73478 0.66142 0 P 0
L 0.7302721 1.241438 0.7302721 1.245438 0 P 0
L 0.7303091 0.9566609 0.7303091 0.9606609 0 P 0
L 0.7303091 1.0334309 0.7303091 1.0374309 0 P 0
L 0.7303091 1.0590209 0.7303091 1.0630209 0 P 0
L 0.7303091 1.0846209 0.7303091 1.0886209 0 P 0
L 0.7303091 1.1613791 0.7303091 1.1653791 0 P 0
L 0.7303091 1.1869691 0.7303091 1.1909691 0 P 0
L 0.7303091 1.2125591 0.7303091 1.2165591 0 P 0
L 0.7303091 1.2637391 0.7303091 1.2677391 0 P 0
L 0.730315 1.4915945 0.730315 1.4965945 0 P 0
L 0.7303209 0.9310709 0.7303209 0.9350709 0 P 0
L 0.7303611 1.1360989 0.7303611 1.1400989 0 P 0
L 0.7303969 1.6330039 0.7303969 1.6380039 0 P 0
L 0.7305109 0.5333589 0.7305109 0.5383589 0 P 0
L 0.7318323 0.5635789 0.7318323 0.5685789 0 P 0
L 0.7322362 0.4911417 0.7382362 0.4911417 0 P 0
L 0.73228 0.59593 0.73228 0.60093 0 P 0
L 0.73228 0.6353 0.73228 0.6403 0 P 0
L 0.73228 0.65892 0.73228 0.66392 0 P 0
L 0.7322835 1.4448346 0.7322835 1.4508346 0 P 0
L 0.7329436 0.4702495 0.7389436 0.4702495 0 P 0
L 0.7352362 0.4881417 0.7352362 0.4941417 0 P 0
L 0.7359436 0.4672495 0.7359436 0.4732495 0 P 0
L 0.7361732 0.4527559 0.7421732 0.4527559 0 P 0
L 0.7391732 0.4497559 0.7391732 0.4557559 0 P 0
L 0.7409773 0.80991 0.7469773 0.80991 0 P 0
L 0.7410648 0.8246123 0.7470648 0.8246123 0 P 0
L 0.7424991 1.4813549 0.7474991 1.4813549 0 P 0
L 0.7439773 0.80691 0.7439773 0.81291 0 P 0
L 0.7440648 0.8216123 0.7440648 0.8276123 0 P 0
L 0.7449991 1.4788549 0.7449991 1.4838549 0 P 0
L 0.7468751 1.6353768 0.7518751 1.6353768 0 P 0
L 0.7493751 1.6328768 0.7493751 1.6378768 0 P 0
L 0.7501168 0.328759 0.7581168 0.328759 0 P 0
L 0.7504227 0.9582869 0.7544227 0.9582869 0 P 0
L 0.751742 1.0646012 0.755742 1.0646012 0 P 0
L 0.751937 0.9074803 0.755937 0.9074803 0 P 0
L 0.7524227 0.9562869 0.7524227 0.9602869 0 P 0
L 0.753742 1.0626012 0.753742 1.0666012 0 P 0
L 0.7538991 0.9330709 0.7578991 0.9330709 0 P 0
L 0.7538991 0.9842509 0.7578991 0.9842509 0 P 0
L 0.7538991 1.0098409 0.7578991 1.0098409 0 P 0
L 0.7538991 1.0354309 0.7578991 1.0354309 0 P 0
L 0.7538991 1.0866209 0.7578991 1.0866209 0 P 0
L 0.7538991 1.1633791 0.7578991 1.1633791 0 P 0
L 0.7538991 1.1889691 0.7578991 1.1889691 0 P 0
L 0.7538991 1.2145591 0.7578991 1.2145591 0 P 0
L 0.7538991 1.2401491 0.7578991 1.2401491 0 P 0
L 0.7538991 1.2657391 0.7578991 1.2657391 0 P 0
L 0.753937 0.9054803 0.753937 0.9094803 0 P 0
L 0.7541168 0.324759 0.7541168 0.332759 0 P 0
L 0.7558991 0.9310709 0.7558991 0.9350709 0 P 0
L 0.7558991 0.9822509 0.7558991 0.9862509 0 P 0
L 0.7558991 1.0078409 0.7558991 1.0118409 0 P 0
L 0.7558991 1.0334309 0.7558991 1.0374309 0 P 0
L 0.7558991 1.0846209 0.7558991 1.0886209 0 P 0
L 0.7558991 1.1613791 0.7558991 1.1653791 0 P 0
L 0.7558991 1.1869691 0.7558991 1.1909691 0 P 0
L 0.7558991 1.2125591 0.7558991 1.2165591 0 P 0
L 0.7558991 1.2381491 0.7558991 1.2421491 0 P 0
L 0.7558991 1.2637391 0.7558991 1.2677391 0 P 0
L 0.7587638 0.2490157 0.7707638 0.2490157 0 P 0
L 0.7647638 0.2430157 0.7647638 0.2550157 0 P 0
L 0.7669997 1.6355042 0.7719997 1.6355042 0 P 0
L 0.7682716 0.0591283 0.7802716 0.0591283 0 P 0
L 0.7686535 1.6102362 0.7746535 1.6102362 0 P 0
L 0.7687549 0.4433649 0.7747549 0.4433649 0 P 0
L 0.7694997 1.6330042 0.7694997 1.6380042 0 P 0
L 0.7716535 1.6072362 0.7716535 1.6132362 0 P 0
L 0.7717549 0.4403649 0.7717549 0.4463649 0 P 0
L 0.7742716 0.0531283 0.7742716 0.0651283 0 P 0
L 0.7781442 0.9071559 0.7821442 0.9071559 0 P 0
L 0.7794891 0.9842509 0.7834891 0.9842509 0 P 0
L 0.7794891 1.0098409 0.7834891 1.0098409 0 P 0
L 0.7794891 1.0354309 0.7834891 1.0354309 0 P 0
L 0.7794891 1.0610209 0.7834891 1.0610209 0 P 0
L 0.7794891 1.0866209 0.7834891 1.0866209 0 P 0
L 0.7794891 1.1122109 0.7834891 1.1122109 0 P 0
L 0.7794891 1.1633791 0.7834891 1.1633791 0 P 0
L 0.7794891 1.1889691 0.7834891 1.1889691 0 P 0
L 0.7794891 1.2145591 0.7834891 1.2145591 0 P 0
L 0.7794891 1.2401491 0.7834891 1.2401491 0 P 0
L 0.7794891 1.2657391 0.7834891 1.2657391 0 P 0
L 0.7798228 1.4839053 0.7848228 1.4839053 0 P 0
L 0.7801442 0.9051559 0.7801442 0.9091559 0 P 0
L 0.7814891 0.9822509 0.7814891 0.9862509 0 P 0
L 0.7814891 1.0078409 0.7814891 1.0118409 0 P 0
L 0.7814891 1.0334309 0.7814891 1.0374309 0 P 0
L 0.7814891 1.0590209 0.7814891 1.0630209 0 P 0
L 0.7814891 1.0846209 0.7814891 1.0886209 0 P 0
L 0.7814891 1.1102109 0.7814891 1.1142109 0 P 0
L 0.7814891 1.1613791 0.7814891 1.1653791 0 P 0
L 0.7814891 1.1869691 0.7814891 1.1909691 0 P 0
L 0.7814891 1.2125591 0.7814891 1.2165591 0 P 0
L 0.7814891 1.2381491 0.7814891 1.2421491 0 P 0
L 0.7814891 1.2637391 0.7814891 1.2677391 0 P 0
L 0.7823228 1.4814053 0.7823228 1.4864053 0 P 0
L 0.7824173 0.3287402 0.7904173 0.3287402 0 P 0
L 0.7837214 0.2485537 0.7957214 0.2485537 0 P 0
L 0.7844016 1.6259842 0.7904016 1.6259842 0 P 0
L 0.7853637 0.9591048 0.7893637 0.9591048 0 P 0
L 0.7858858 1.7165354 0.7908858 1.7165354 0 P 0
L 0.7863858 0.1338583 0.7903858 0.1338583 0 P 0
L 0.7863966 0.8098225 0.7923966 0.8098225 0 P 0
L 0.7864173 0.3247402 0.7864173 0.3327402 0 P 0
L 0.7866592 0.8249623 0.7926592 0.8249623 0 P 0
L 0.7873637 0.9571048 0.7873637 0.9611048 0 P 0
L 0.7874016 1.6229842 0.7874016 1.6289842 0 P 0
L 0.7883858 0.1318583 0.7883858 0.1358583 0 P 0
L 0.7883858 1.7140354 0.7883858 1.7190354 0 P 0
L 0.7893966 0.8068225 0.7893966 0.8128225 0 P 0
L 0.7896592 0.8219623 0.7896592 0.8279623 0 P 0
L 0.7897214 0.2425537 0.7897214 0.2545537 0 P 0
L 0.7935214 0.4038214 0.7995214 0.4038214 0 P 0
L 0.7957119 0.5221382 0.8017119 0.5221382 0 P 0
L 0.7965214 0.4008214 0.7965214 0.4068214 0 P 0
L 0.7965785 0.4222461 0.8025785 0.4222461 0 P 0
L 0.7966206 0.5446799 0.8026206 0.5446799 0 P 0
L 0.7970188 0.5716953 0.8030188 0.5716953 0 P 0
L 0.7971495 0.6052556 0.8031495 0.6052556 0 P 0
L 0.7987119 0.5191382 0.7987119 0.5251382 0 P 0
L 0.7995785 0.4192461 0.7995785 0.4252461 0 P 0
L 0.7996206 0.5416799 0.7996206 0.5476799 0 P 0
L 0.8000188 0.5686953 0.8000188 0.5746953 0 P 0
L 0.8001495 0.6022556 0.8001495 0.6082556 0 P 0
L 0.801088 0.7455923 0.809088 0.7455923 0 P 0
L 0.8019843 1.2176655 0.8059843 1.2176655 0 P 0
L 0.8038873 1.0362615 0.8078873 1.0362615 0 P 0
L 0.8039843 1.2156655 0.8039843 1.2196655 0 P 0
L 0.8050791 0.9074809 0.8090791 0.9074809 0 P 0
L 0.8050791 0.9330709 0.8090791 0.9330709 0 P 0
L 0.8050791 0.9586609 0.8090791 0.9586609 0 P 0
L 0.8050791 0.9842509 0.8090791 0.9842509 0 P 0
L 0.8050791 1.0098409 0.8090791 1.0098409 0 P 0
L 0.8050791 1.0866209 0.8090791 1.0866209 0 P 0
L 0.8050791 1.2657391 0.8090791 1.2657391 0 P 0
L 0.805088 0.7415923 0.805088 0.7495923 0 P 0
L 0.8050909 1.1121991 0.8090909 1.1121991 0 P 0
L 0.8050909 1.2401609 0.8090909 1.2401609 0 P 0
L 0.8058873 1.0342615 0.8058873 1.0382615 0 P 0
L 0.8070791 0.9054809 0.8070791 0.9094809 0 P 0
L 0.8070791 0.9310709 0.8070791 0.9350709 0 P 0
L 0.8070791 0.9566609 0.8070791 0.9606609 0 P 0
L 0.8070791 0.9822509 0.8070791 0.9862509 0 P 0
L 0.8070791 1.0078409 0.8070791 1.0118409 0 P 0
L 0.8070791 1.0846209 0.8070791 1.0886209 0 P 0
L 0.8070791 1.2637391 0.8070791 1.2677391 0 P 0
L 0.8070909 1.1101991 0.8070909 1.1141991 0 P 0
L 0.8070909 1.2381609 0.8070909 1.2421609 0 P 0
L 0.8082621 0.0995351 0.8162621 0.0995351 0 P 0
L 0.80852 0.38583 0.81352 0.38583 0 P 0
L 0.8093604 0.2488038 0.8213604 0.2488038 0 P 0
L 0.81102 0.38333 0.81102 0.38833 0 P 0
L 0.8122621 0.0955351 0.8122621 0.1035351 0 P 0
L 0.81246 0.67717 0.81746 0.67717 0 P 0
L 0.8138819 0.3090551 0.8258819 0.3090551 0 P 0
L 0.81496 0.67467 0.81496 0.67967 0 P 0
L 0.8153604 0.2428038 0.8153604 0.2548038 0 P 0
L 0.8198819 0.3030551 0.8198819 0.3150551 0 P 0
L 0.8218031 1.4704724 0.8278031 1.4704724 0 P 0
L 0.8248031 1.4674724 0.8248031 1.4734724 0 P 0
L 0.8290695 0.4750947 0.8350695 0.4750947 0 P 0
L 0.8298126 1.4905821 0.8348126 1.4905821 0 P 0
L 0.8306615 1.6269685 0.8366615 1.6269685 0 P 0
L 0.8306691 0.9074809 0.8346691 0.9074809 0 P 0
L 0.8306691 0.9330709 0.8346691 0.9330709 0 P 0
L 0.8306691 0.9586609 0.8346691 0.9586609 0 P 0
L 0.8306691 0.9842509 0.8346691 0.9842509 0 P 0
L 0.8306691 1.0098409 0.8346691 1.0098409 0 P 0
L 0.8306691 1.1633791 0.8346691 1.1633791 0 P 0
L 0.8320695 0.4720947 0.8320695 0.4780947 0 P 0
L 0.8323126 1.4880821 0.8323126 1.4930821 0 P 0
L 0.8326691 0.9054809 0.8326691 0.9094809 0 P 0
L 0.8326691 0.9310709 0.8326691 0.9350709 0 P 0
L 0.8326691 0.9566609 0.8326691 0.9606609 0 P 0
L 0.8326691 0.9822509 0.8326691 0.9862509 0 P 0
L 0.8326691 1.0078409 0.8326691 1.0118409 0 P 0
L 0.8326691 1.1613791 0.8326691 1.1653791 0 P 0
L 0.8336615 1.6239685 0.8336615 1.6299685 0 P 0
L 0.8355827 1.0856299 0.8415827 1.0856299 0 P 0
L 0.8375669 1.2312992 0.8415669 1.2312992 0 P 0
L 0.8385354 1.0600394 0.8445354 1.0600394 0 P 0
L 0.8385827 1.0826299 0.8385827 1.0886299 0 P 0
L 0.8395669 1.2292992 0.8395669 1.2332992 0 P 0
L 0.8415354 1.0570394 0.8415354 1.0630394 0 P 0
L 0.84396 1.71654 0.84896 1.71654 0 P 0
L 0.84646 1.71404 0.84646 1.71904 0 P 0
L 0.8574804 0.1102362 0.8811024 0.1102362 0 P 0
L 0.8574804 0.2748031 0.8811024 0.2748031 0 P 0
L 0.8621575 1.6269685 0.8681575 1.6269685 0 P 0
L 0.8647974 1.708335 0.8697974 1.708335 0 P 0
L 0.8649603 0.4635444 0.8689603 0.4635444 0 P 0
L 0.8651575 1.6239685 0.8651575 1.6299685 0 P 0
L 0.8662796 0.5877023 0.8702796 0.5877023 0 P 0
L 0.8669603 0.4615444 0.8669603 0.4655444 0 P 0
L 0.8670945 0.6712598 0.8710945 0.6712598 0 P 0
L 0.8672974 1.705835 0.8672974 1.710835 0 P 0
L 0.8675709 1.3606299 0.8735709 1.3606299 0 P 0
L 0.8682796 0.5857023 0.8682796 0.5897023 0 P 0
L 0.8690945 0.6692598 0.8690945 0.6732598 0 P 0
L 0.8692914 0.0984252 0.8692914 0.1220472 0 P 0
L 0.8692914 0.2629921 0.8692914 0.2866141 0 P 0
L 0.8705709 1.3576299 0.8705709 1.3636299 0 P 0
L 0.8715941 0.8261177 0.8775941 0.8261177 0 P 0
L 0.8739685 0.8740157 0.8799685 0.8740157 0 P 0
L 0.8745941 0.8231177 0.8745941 0.8291177 0 P 0
L 0.8769685 0.8710157 0.8769685 0.8770157 0 P 0
L 0.8772146 1.1782373 0.8832146 1.1782373 0 P 0
L 0.878874 0.9537402 0.886874 0.9537402 0 P 0
L 0.8802146 1.1752373 0.8802146 1.1812373 0 P 0
L 0.882874 0.9497402 0.882874 0.9577402 0 P 0
L 0.89354 0.3991603 0.90354 0.3991603 0 P 0
L 0.89685 1.54094 0.92047 1.54094 0 P 0
L 0.8976063 0.4793307 0.9016063 0.4793307 0 P 0
L 0.89854 0.3941603 0.89854 0.4041603 0 P 0
L 0.8985906 0.9822835 0.9025906 0.9822835 0 P 0
L 0.8996063 0.4773307 0.8996063 0.4813307 0 P 0
L 0.9005906 0.9802835 0.9005906 0.9842835 0 P 0
L 0.902513 1.5019685 0.908513 1.5019685 0 P 0
L 0.905513 1.4989685 0.905513 1.5049685 0 P 0
L 0.9084173 1.5944882 0.9144173 1.5944882 0 P 0
L 0.9084173 1.6220472 0.9144173 1.6220472 0 P 0
L 0.90866 1.52913 0.90866 1.55275 0 P 0
L 0.9114173 1.5914882 0.9114173 1.5974882 0 P 0
L 0.9114173 1.6190472 0.9114173 1.6250472 0 P 0
L 0.9127953 0.2551181 0.9383859 0.2551181 0 P 0
L 0.9255906 0.2423228 0.9255906 0.2679134 0 P 0
L 0.9290866 0.4931102 0.9350866 0.4931102 0 P 0
L 0.9290866 1.6505906 0.9350866 1.6505906 0 P 0
L 0.9320394 1.3503937 0.9380394 1.3503937 0 P 0
L 0.9320866 0.4901102 0.9320866 0.4961102 0 P 0
L 0.9320866 1.6475906 0.9320866 1.6535906 0 P 0
L 0.9346078 0.724168 0.9446078 0.724168 0 P 0
L 0.93494 0.35433 0.94694 0.35433 0 P 0
L 0.9350394 1.3473937 0.9350394 1.3533937 0 P 0
L 0.9396078 0.719168 0.9396078 0.729168 0 P 0
L 0.9399134 0.507874 0.9459134 0.507874 0 P 0
L 0.94094 0.34833 0.94094 0.36033 0 P 0
L 0.9417681 1.2569468 0.9477681 1.2569468 0 P 0
L 0.9429134 0.504874 0.9429134 0.510874 0 P 0
L 0.9437345 1.3109386 0.9497345 1.3109386 0 P 0
L 0.9447681 1.2539468 0.9447681 1.2599468 0 P 0
L 0.9458346 0.5787402 0.9498346 0.5787402 0 P 0
L 0.9462126 1.6505906 0.9522126 1.6505906 0 P 0
L 0.9467345 1.3079386 0.9467345 1.3139386 0 P 0
L 0.9468031 0.6919291 0.9528031 0.6919291 0 P 0
L 0.9478346 0.5767402 0.9478346 0.5807402 0 P 0
L 0.9487717 0.523622 0.9547717 0.523622 0 P 0
L 0.948842 0.8037307 0.958842 0.8037307 0 P 0
L 0.9492126 1.6475906 0.9492126 1.6535906 0 P 0
L 0.9498031 0.6889291 0.9498031 0.6949291 0 P 0
L 0.9517124 1.0354309 0.9557124 1.0354309 0 P 0
L 0.9517717 0.520622 0.9517717 0.526622 0 P 0
L 0.9537124 1.0334309 0.9537124 1.0374309 0 P 0
L 0.953842 0.7987307 0.953842 0.8087307 0 P 0
L 0.9546772 1.0909567 0.9606772 1.0909567 0 P 0
L 0.9546929 0.6712598 0.9586929 0.6712598 0 P 0
L 0.9556596 0.5395293 0.9616596 0.5395293 0 P 0
L 0.9566929 0.6692598 0.9566929 0.6732598 0 P 0
L 0.9576772 1.0879567 0.9576772 1.0939567 0 P 0
L 0.9586596 0.5365293 0.9586596 0.5425293 0 P 0
L 0.9591405 0.4761866 0.9651405 0.4761866 0 P 0
L 0.9621405 0.4731866 0.9621405 0.4791866 0 P 0
L 0.9639292 1.5659449 0.9699292 1.5659449 0 P 0
L 0.9639292 1.5941601 0.9699292 1.5941601 0 P 0
L 0.9639292 1.6223753 0.9699292 1.6223753 0 P 0
L 0.9639292 1.6505905 0.9699292 1.6505905 0 P 0
L 0.9640354 1.5413386 0.9690354 1.5413386 0 P 0
L 0.9645197 0.5620079 0.9705197 0.5620079 0 P 0
L 0.9665354 1.5388386 0.9665354 1.5438386 0 P 0
L 0.9669292 1.5629449 0.9669292 1.5689449 0 P 0
L 0.9669292 1.5911601 0.9669292 1.5971601 0 P 0
L 0.9669292 1.6193753 0.9669292 1.6253753 0 P 0
L 0.9669292 1.6475905 0.9669292 1.6535905 0 P 0
L 0.9675197 0.5590079 0.9675197 0.5650079 0 P 0
L 0.9699949 1.1111341 0.9739949 1.1111341 0 P 0
L 0.9719949 1.1091341 0.9719949 1.1131341 0 P 0
L 0.9765783 1.1226065 0.9805783 1.1226065 0 P 0
L 0.9785783 1.1206065 0.9785783 1.1246065 0 P 0
L 0.9803274 1.1352211 0.9843274 1.1352211 0 P 0
L 0.9823274 1.1332211 0.9823274 1.1372211 0 P 0
L 0.9837998 0.7753602 0.9897998 0.7753602 0 P 0
L 0.98519 0.35433 0.99119 0.35433 0 P 0
L 0.9867998 0.7723602 0.9867998 0.7783602 0 P 0
L 0.9868111 1.1481443 0.9908111 1.1481443 0 P 0
L 0.9881575 1.0728346 0.9921575 1.0728346 0 P 0
L 0.98819 0.35133 0.98819 0.35733 0 P 0
L 0.9888111 1.1461443 0.9888111 1.1501443 0 P 0
L 0.989126 1.2440945 0.995126 1.2440945 0 P 0
L 0.9901575 1.0708346 0.9901575 1.0748346 0 P 0
L 0.992126 1.2410945 0.992126 1.2470945 0 P 0
L 0.9923649 1.1608372 0.9963649 1.1608372 0 P 0
L 0.9943649 1.1588372 0.9943649 1.1628372 0 P 0
L 0.9990698 0.4213193 1.0050698 0.4213193 0 P 0
L 1.0019806 1.5001323 1.0139806 1.5001323 0 P 0
L 1.0020698 0.4183193 1.0020698 0.4243193 0 P 0
L 1.0026324 0.822585 1.0086324 0.822585 0 P 0
L 1.0038898 0.9448819 1.0098898 0.9448819 0 P 0
L 1.003949 0.7748321 1.009949 0.7748321 0 P 0
L 1.0056324 0.819585 1.0056324 0.825585 0 P 0
L 1.0068898 0.9418819 1.0068898 0.9478819 0 P 0
L 1.006949 0.7718321 1.006949 0.7778321 0 P 0
L 1.00781 0.35433 1.01581 0.35433 0 P 0
L 1.0079806 1.4941323 1.0079806 1.5061323 0 P 0
L 1.0102953 0.5580709 1.0152953 0.5580709 0 P 0
L 1.01181 0.35033 1.01181 0.35833 0 P 0
L 1.0127953 0.5555709 1.0127953 0.5605709 0 P 0
L 1.0134674 1.6571971 1.0194674 1.6571971 0 P 0
L 1.0164674 1.6541971 1.0164674 1.6601971 0 P 0
L 1.01962 1.03937 1.02762 1.03937 0 P 0
L 1.01962 1.13386 1.02762 1.13386 0 P 0
L 1.01962 1.3110251 1.02762 1.3110251 0 P 0
L 1.01962 1.4055151 1.02762 1.4055151 0 P 0
L 1.0225906 0.7746063 1.0285906 0.7746063 0 P 0
L 1.02362 1.03537 1.02362 1.04337 0 P 0
L 1.02362 1.12986 1.02362 1.13786 0 P 0
L 1.02362 1.3070251 1.02362 1.3150251 0 P 0
L 1.02362 1.4015151 1.02362 1.4095151 0 P 0
L 1.02553 0.33858 1.03353 0.33858 0 P 0
L 1.0255906 0.7716063 1.0255906 0.7776063 0 P 0
L 1.0265085 0.4373091 1.0325085 0.4373091 0 P 0
L 1.0295085 0.4343091 1.0295085 0.4403091 0 P 0
L 1.02953 0.33458 1.02953 0.34258 0 P 0
L 1.0334173 1.1683071 1.0394173 1.1683071 0 P 0
L 1.0364173 1.1653071 1.0364173 1.1713071 0 P 0
L 1.0422756 0.7746063 1.0482756 0.7746063 0 P 0
L 1.0432598 1.6978346 1.0492598 1.6978346 0 P 0
L 1.04521 0.35433 1.05321 0.35433 0 P 0
L 1.0452756 0.7716063 1.0452756 0.7776063 0 P 0
L 1.0459065 0.4375724 1.0519065 0.4375724 0 P 0
L 1.0462598 1.6948346 1.0462598 1.7008346 0 P 0
L 1.0489065 0.4345724 1.0489065 0.4405724 0 P 0
L 1.04921 0.35033 1.04921 0.35833 0 P 0
L 1.0540866 0.9448819 1.0600866 0.9448819 0 P 0
L 1.0570866 0.9418819 1.0570866 0.9478819 0 P 0
L 1.0575853 0.5611609 1.0625853 0.5611609 0 P 0
L 1.0600853 0.5586609 1.0600853 0.5636609 0 P 0
L 1.0619606 0.7746063 1.0679606 0.7746063 0 P 0
L 1.06293 0.33858 1.07093 0.33858 0 P 0
L 1.0649606 0.7716063 1.0649606 0.7776063 0 P 0
L 1.06693 0.33458 1.06693 0.34258 0 P 0
L 1.0679809 1.4612093 1.0739809 1.4612093 0 P 0
L 1.06837 0.46457 1.07337 0.46457 0 P 0
L 1.06837 0.48425 1.07337 0.48425 0 P 0
L 1.06837 0.50394 1.07337 0.50394 0 P 0
L 1.06837 0.52362 1.07337 0.52362 0 P 0
L 1.06837 0.54331 1.07337 0.54331 0 P 0
L 1.0698346 1.1929134 1.0758346 1.1929134 0 P 0
L 1.0706278 0.5740634 1.0746278 0.5740634 0 P 0
L 1.07087 0.46207 1.07087 0.46707 0 P 0
L 1.07087 0.48175 1.07087 0.48675 0 P 0
L 1.07087 0.50144 1.07087 0.50644 0 P 0
L 1.07087 0.52112 1.07087 0.52612 0 P 0
L 1.07087 0.54081 1.07087 0.54581 0 P 0
L 1.0709809 1.4582093 1.0709809 1.4642093 0 P 0
L 1.0726278 0.5720634 1.0726278 0.5760634 0 P 0
L 1.0728346 1.1899134 1.0728346 1.1959134 0 P 0
L 1.08261 1.08661 1.09061 1.08661 0 P 0
L 1.08261 1.3582651 1.09061 1.3582651 0 P 0
L 1.08661 1.08261 1.08661 1.09061 0 P 0
L 1.08661 1.3542651 1.08661 1.3622651 0 P 0
L 1.08755 0.35433 1.09355 0.35433 0 P 0
L 1.09055 0.35133 1.09055 0.35733 0 P 0
L 1.1052677 0.9940945 1.1112677 0.9940945 0 P 0
L 1.1053548 1.1703519 1.1113548 1.1703519 0 P 0
L 1.10774 0.7794 1.11274 0.7794 0 P 0
L 1.1082677 0.9910945 1.1082677 0.9970945 0 P 0
L 1.1083548 1.1673519 1.1083548 1.1733519 0 P 0
L 1.11024 0.7769 1.11024 0.7819 0 P 0
L 1.1160945 1.4448819 1.1220945 1.4448819 0 P 0
L 1.1190945 1.4418819 1.1190945 1.4478819 0 P 0
L 1.1213019 0.4932739 1.1273019 0.4932739 0 P 0
L 1.1239738 0.5372877 1.1299738 0.5372877 0 P 0
L 1.1243019 0.4902739 1.1243019 0.4962739 0 P 0
L 1.1269213 1.6033465 1.1329213 1.6033465 0 P 0
L 1.1269738 0.5342877 1.1269738 0.5402877 0 P 0
L 1.1299213 1.6003465 1.1299213 1.6063465 0 P 0
L 1.1318 0.35433 1.1438 0.35433 0 P 0
L 1.1329787 0.566202 1.1379787 0.566202 0 P 0
L 1.1354787 0.563702 1.1354787 0.568702 0 P 0
L 1.1378 0.34833 1.1378 0.36033 0 P 0
L 1.1397165 0.507874 1.1457165 0.507874 0 P 0
L 1.1403543 0.2551181 1.1659449 0.2551181 0 P 0
L 1.1427165 0.504874 1.1427165 0.510874 0 P 0
L 1.14561 1.03937 1.15361 1.03937 0 P 0
L 1.14561 1.13386 1.15361 1.13386 0 P 0
L 1.14561 1.3110251 1.15361 1.3110251 0 P 0
L 1.14561 1.4055151 1.15361 1.4055151 0 P 0
L 1.14961 1.03537 1.14961 1.04337 0 P 0
L 1.14961 1.12986 1.14961 1.13786 0 P 0
L 1.14961 1.3070251 1.14961 1.3150251 0 P 0
L 1.14961 1.4015151 1.14961 1.4095151 0 P 0
L 1.1531496 0.2423228 1.1531496 0.2679134 0 P 0
L 1.1633228 1.5206693 1.1713228 1.5206693 0 P 0
L 1.1653071 0.4685039 1.1713071 0.4685039 0 P 0
L 1.1662913 1.4448819 1.1722913 1.4448819 0 P 0
L 1.1668952 1.1757332 1.1728952 1.1757332 0 P 0
L 1.1673228 1.5166693 1.1673228 1.5246693 0 P 0
L 1.1683071 0.4655039 1.1683071 0.4715039 0 P 0
L 1.1692913 1.4418819 1.1692913 1.4478819 0 P 0
L 1.1698952 1.1727332 1.1698952 1.1787332 0 P 0
L 1.18298 0.84252 1.19498 0.84252 0 P 0
L 1.18498 0.98819 1.19298 0.98819 0 P 0
L 1.18498 1.24016 1.19298 1.24016 0 P 0
L 1.1859921 0.6259843 1.1899921 0.6259843 0 P 0
L 1.1879921 0.6239843 1.1879921 0.6279843 0 P 0
L 1.18898 0.83652 1.18898 0.84852 0 P 0
L 1.18898 0.98419 1.18898 0.99219 0 P 0
L 1.18898 1.23616 1.18898 1.24416 0 P 0
L 1.1894291 0.5570866 1.1944291 0.5570866 0 P 0
L 1.19185 0.40157 1.20185 0.40157 0 P 0
L 1.1919291 0.5545866 1.1919291 0.5595866 0 P 0
L 1.19685 0.39657 1.19685 0.40657 0 P 0
L 1.1976378 0.1102362 1.2212598 0.1102362 0 P 0
L 1.1976378 0.2748031 1.2212598 0.2748031 0 P 0
L 1.2094488 0.0984252 1.2094488 0.1220472 0 P 0
L 1.2094488 0.2629921 1.2094488 0.2866141 0 P 0
L 1.2115669 1.3346457 1.2175669 1.3346457 0 P 0
L 1.2145669 1.3316457 1.2145669 1.3376457 0 P 0
L 1.2248819 1.63 1.3351181 1.63 0 P 0
L 1.2257047 1.2010091 1.2297047 1.2010091 0 P 0
L 1.2277047 1.1990091 1.2277047 1.2030091 0 P 0
L 1.2320897 1.2155512 1.2360897 1.2155512 0 P 0
L 1.23372 0.44882 1.23872 0.44882 0 P 0
L 1.2340897 1.2135512 1.2340897 1.2175512 0 P 0
L 1.23622 0.44632 1.23622 0.45132 0 P 0
L 1.2409449 1.425 1.3590551 1.425 0 P 0
L 1.2637323 0.5698819 1.2697323 0.5698819 0 P 0
L 1.2637323 1.3198819 1.2697323 1.3198819 0 P 0
L 1.2667323 0.5668819 1.2667323 0.5728819 0 P 0
L 1.2667323 1.3168819 1.2667323 1.3228819 0 P 0
L 1.2696378 1.2903543 1.2756378 1.2903543 0 P 0
L 1.2716063 1.2568898 1.2776063 1.2568898 0 P 0
L 1.2726378 1.2873543 1.2726378 1.2933543 0 P 0
L 1.2746063 1.2538898 1.2746063 1.2598898 0 P 0
L 1.28 1.5748819 1.28 1.6851181 0 P 0
L 1.2980171 1.1826662 1.3030171 1.1826662 0 P 0
L 1.3 1.3659449 1.3 1.4840551 0 P 0
L 1.3005171 1.1801662 1.3005171 1.1851662 0 P 0
L 1.31858 0.06299 1.35858 0.06299 0 P 0
L 1.31858 0.16299 1.35858 0.16299 0 P 0
L 1.31858 0.26299 1.35858 0.26299 0 P 0
L 1.31858 0.36299 1.35858 0.36299 0 P 0
L 1.31858 0.46299 1.35858 0.46299 0 P 0
L 1.31858 0.56299 1.35858 0.56299 0 P 0
L 1.31858 0.66299 1.35858 0.66299 0 P 0
L 1.31858 0.76299 1.35858 0.76299 0 P 0
L 1.3325033 1.0716756 1.3425033 1.0716756 0 P 0
L 1.3365039 1.1549649 1.3445039 1.1549649 0 P 0
L 1.3375033 1.0666756 1.3375033 1.0766756 0 P 0
L 1.33858 0.04299 1.33858 0.08299 0 P 0
L 1.33858 0.14299 1.33858 0.18299 0 P 0
L 1.33858 0.24299 1.33858 0.28299 0 P 0
L 1.33858 0.34299 1.33858 0.38299 0 P 0
L 1.33858 0.44299 1.33858 0.48299 0 P 0
L 1.33858 0.54299 1.33858 0.58299 0 P 0
L 1.33858 0.64299 1.33858 0.68299 0 P 0
L 1.33858 0.74299 1.33858 0.78299 0 P 0
L 1.3405039 1.1509649 1.3405039 1.1589649 0 P 0
L 1.3623648 0.8927425 1.3703648 0.8927425 0 P 0
L 1.3663648 0.8887425 1.3663648 0.8967425 0 P 0
L 1.3769055 1.3248031 1.3849055 1.3248031 0 P 0
L 1.3809055 1.3208031 1.3809055 1.3288031 0 P 0
